1000
27350792 108182538864 464055271520288 3530725671 3741144980
22117653 80626845447 319818218484753 1395021465 2026370714
21541822 79043748868 313068324707842 1896964544 2385806205
27841926 102786789050 403800680844498 2389035929 3135252713
26934387 86569530117 288151104987747 3570729434 3598845221
7193843 14733592945 31950591289187 2198048535 2251091014
15487988 41346596376 118835523154448 1722082889 1834482145
27466566 108964398480 452931638342418 4276148189 6635290575
21966225 73197903723 250879989449457 1112113557 4258660414
23571885 76590660707 259308342213537 1817519971 3025461964
16181989 63760358449 254253226083313 1611577726 2161728835
26633109 121336073009 578697305257713 1013949514 1085174973
6427083 13433624839 30092162884563 3410069996 6488524704
53261329 236180020231 1071744062959393 2304689180 3639006415
28904809 110684901419 438670973557393 2472839116 3265132383
34677886 129247008364 495726648454978 1410166114 1991321467
31063286 129662611216 557798107802546 4070517666 6355093441
17834034 56647974734 195515521915458 1574054478 1843578815
24100137 111034981251 526928731317873 3146454059 4326958043
34381973 123062548889 456268200274577 1015439601 1912809118
48062440 213239183984 977335658136352 2065076778 4104995751
4130747 4868965955 5756378028467 2069110840 2436151174
13458774 32772829006 83126926578738 3406664177 4544459617
25863617 94339925939 349515232389713 1504070383 2838767787
38457833 165081690691 726121428038513 2854291927 3589581637
23653194 78281648850 277394524083378 1911007385 3637081764
45668926 216629659628 1034818405646338 3460825653 3670864193
26070849 87710949117 311332294593873 4083138127 6563201134
36356744 146131536400 600986010448928 1897545182 1937447073
19018499 47972478589 121156456455683 1241955860 3105404223
45237026 202637948022 934630475154338 3261454517 4758102453
34113125 118171243793 415544580792497 1588341731 3520298894
31040378 123199445270 495345834132242 3999477266 4454060888
20051225 69461888375 260450238250625 3835177673 6696748490
14125982 35670109428 93001188197762 3437846194 6598205250
28562245 129778214671 631161530676337 1888312386 2626131028
21245572 88482649240 384392653752592 1699856407 3027322167
28561214 107806847238 408495347521346 3918710008 5688472601
32426484 135634270760 605437159780368 1434024481 3661452808
28192698 118303037364 538424159443602 1522924709 3705901727
12230293 36897179111 117249960516433 1391296639 2159125800
28389827 87439666905 269526416033027 4139371646 5814502341
25322857 90283505759 322559276228833 3028558299 5864932341
17407675 45057492593 121523924615347 4059271573 7704500283
8349515 21266767719 57014007590867 4247261619 6792915433
15435041 55251989885 205646659249553 1004232074 1173298517
34219115 149869581273 677509205784467 3303266200 5032292256
31550438 124935031206 503512861522322 2542318620 3730080203
6478467 11883128111 22056653218563 1798049092 3522760073
13524129 29609805933 65842986663441 4028021686 4631803055
14577269 39279889879 107609947189073 3797423968 4310879730
25909062 91716967110 328162547723922 2840657896 2922388462
15035414 44589523120 143125035826418 2634839218 3694434521
28292861 91516931541 305398622523521 2690450118 4026526711
36830438 158063882976 680665632601298 2149559064 3240166091
20899557 55272512303 146371521332337 3332034307 3728588659
19828793 74643088329 300596287721537 3130167878 5966072607
18482435 63127419217 234027940110467 3714639289 4600726225
27801539 109628268255 470576401166723 4028903673 7271875898
17215014 51207234112 163234295905746 3710678038 6058780035
17972213 53202067281 169883574605297 2150424694 2635099809
17645945 63490257641 242807153923457 3726025133 5041506412
14912694 34208556120 79615173042738 2995821221 4508225615
24278918 93600324054 383475051278162 1135570351 3520643082
46442994 187890939046 771915141821538 1140477890 3507015633
11112362 21749741442 43053820990322 1286925297 2777416162
58710728 263723506560 1195180859880992 1682521098 3142525938
29624627 129148764507 604850726313443 1408893181 3578816756
25451344 84385073728 297699328020736 1958098109 2387637095
43118052 180056197448 779812900631568 3892395178 7610661361
18005953 49236766739 143057394215953 2794587422 3532707882
30717874 98767105784 318539196018658 1537294387 3092267241
29246114 122745311226 554999766778658 4205815030 6986338354
11806126 28500759262 69814905474658 1243365887 2930615312
25689973 88778170495 312901348744177 2732360195 3789590965
1843694 1837013148 1894492225058 3171673851 3944073836
10937507 22532526297 48409923637187 1068784278 1471410721
35994323 152833175145 649332903153827 1151223281 1956915696
8055756 18484224840 45400892536368 3474693619 4112031410
22054836 86034156184 353008063086096 1002297375 1278569663
28111610 100012390958 378609092011442 4099696484 6293378252
51271961 212026572425 876974875752833 3988890008 5962664705
18700474 53372450132 163146509653426 3591988671 4021425874
44649125 176205324807 704565751505297 1924955983 2249650147
28828755 92107963431 300111830515107 1146797742 1625659902
21480584 72980581952 254553997914656 3855904950 7202696529
20071622 57239707862 172601376196178 4026886788 4553707673
24216289 75059282269 239733557617873 3297464721 6426605611
14869451 39979022663 112016307035603 2643516544 3567342394
27474485 93611078521 329514113727377 1796329145 3803848966
4916139 7523038599 12061922753043 1681953139 4163706015
30728814 118983424130 496728101322018 3618676792 3900688486
33405317 137341377025 567934747527857 2171216778 3186957097
6185210 10844416654 19234703281202 3882828083 4126303736
35941386 155908390548 687913740667218 3871642143 7186505318
26215138 104739658120 451351544275522 2153669302 2581326923
22378061 77465921805 287874978990113 4011183672 7586412442
47101661 194963934285 824097216800993 2355543894 3446364885
4709924 6744125032 10064168661776 1345548592 1999353156
11331210 25766478354 60335426436402 1863392158 3622984161
34078422 121785608368 448937930805042 1426306239 1538507657
15508019 38798375589 100490549711843 1757267205 2579923178
7921605 17094168071 40190460609297 3091101853 3101242385
23152451 96156289953 422798122319363 1545179836 3925369219
36634166 148306623984 642790203127538 1435781507 3310540529
27791869 86564978011 273702836087233 3834105632 3930882539
34014026 137672373220 562884222301778 1219849956 3962777184
11252465 25469767791 58819988675777 1170194751 2026649759
22425333 76755167191 266576627837457 1649409863 3086567227
29090158 98202743810 340635868870882 3391111253 5175564429
20118069 67216458609 240084965185713 1222098270 2637286133
8241317 16229466513 33359646452657 2316481440 3780683861
27428294 108785387072 453175903895186 3527450362 4142847736
30371694 122347423772 520153070053986 3930729611 5854067269
31207946 130099411044 570289917981266 2880322607 3482186388
27654537 124930270655 593457070294497 2283595560 3967275042
41534262 185112019630 843948188342322 3956089931 7168389568
3482870 4778288226 7019195933042 2053196212 3978333109
20504963 86975775657 381803686824323 3906600420 5841470899
27708882 102522302472 393827708008962 2872182521 4394590951
30073589 116200008063 454199397065393 1713975140 2612100189
27132314 107432101406 460526300217458 1200863267 3246862306
25664030 106722063414 472423323178562 3225521330 5507851383
20595981 63665958077 200179599757473 2009358699 2807646125
28541602 127062942544 595538710174018 4074577215 4273077902
41840051 157959758185 600213071418083 3079161736 4480601049
17789187 64856676745 249816521602947 2474026529 3527443345
55310042 243165833030 1082463461084882 1872810178 3777110020
10127123 18837534161 35317617931427 2918373297 4513831045
18985557 63602936535 230380066102737 1071108612 1903076408
31436018 130472770070 586443204248162 2002866031 3253336602
39291617 143574084767 528129249219713 1829819987 3956576035
28706603 113766930675 480934808914067 1145084777 2888626340
40990941 184220471475 843866390066913 2903289932 5570573585
43672376 188071140976 837772954566176 3123398626 3376765202
27833894 109577582584 467054477908178 2758042608 3833619216
6745877 11671511519 21336563537393 1136725932 1862466789
26036017 93886247465 339181851759457 4193161648 4288894311
25192331 123645199275 614685333630803 1800155883 2446420108
6932118 12667292560 23470018914162 3848413821 5397079836
23526894 107081681806 502854863644578 1292206961 1911874001
55066904 240325846992 1059734561866016 4097680609 5180410442
1077830 650417328 394118510162 3174591685 3425173555
27407201 107314669145 438483261480353 1753274434 2325927609
15774693 51560801713 178840389032433 1639169630 4282090310
12991801 31106249459 76408815304753 2337330924 4224433529
9356968 25886138896 74640947115808 2334040584 2838674622
39704961 172431597619 773397548922513 1041931062 2361774486
27389470 110551912892 478762943838082 1022621448 3941888520
42244469 188597702873 869641571452433 2207801282 3240239609
2712294 3897973962 5932414846098 1357570323 1414375231
19395218 70833054384 278685265337858 4252418250 5026682197
19253701 54768392351 165757109554801 1719734745 2574571958
24357118 79221326300 274970425112962 1177187334 2047243641
28894811 96113908269 328180357618163 3990082534 5694898982
40612677 182131398415 819635449252977 2206417317 2537846545
47406924 193480721288 800515518804528 1702137658 3135680278
13199060 33991288904 87734688123152 1112608942 1522249761
14994737 41361621851 116690755685873 2897943431 4522521791
32776042 137986536898 633397202141938 1059933353 1704967865
25436946 118650880360 574460807913858 1377287060 2262504001
37134869 149184323343 640058076373553 2879629192 3872868833
27235865 90682593147 310455211316177 1851042685 2361802253
23992382 91721668500 376966176096962 3081069490 4228115970
40443093 156097928465 622027809927537 1316812635 3556873896
39862329 176720724181 798453412748433 1626087925 3370169086
67963478 323959493122 1545705535960178 1180660340 1232912000
36796226 157536650088 675981487072898 1964700921 3992161015
28480877 108618787069 417192634568993 1575137502 1945861211
36963405 144946092907 588649114769217 2419554807 3709421843
23598996 70762869064 221156710199568 3185832417 3292596718
17966858 55189588754 172713128671538 1614735826 2260121935
16847841 62146842783 240423982908033 1269902696 4129219477
28159589 104400022687 418397060777393 1426338903 3439341054
13488548 37588085080 112376119879952 2895425696 3100351178
41472282 184945892228 833947721281362 2775447302 2897950540
30930590 115199498646 455093803644482 2902220556 3616767317
24764310 81382979026 274227493834482 2959053707 4227903666
41102798 175902030396 771813947214818 1797314830 2327482151
27715797 107843361105 431706915498417 2994940293 3702659648
17083706 40784346702 97392827618738 3263303257 5341354897
29167442 117368246736 513127747199138 3037737571 4875388012
41556361 161243168435 638526030207793 3991483793 6723315391
11610953 28089951919 68330067499553 2635641381 3167163687
13425006 34521086172 96263849496738 1535737102 1901256389
14826278 56728209976 217890286543442 3485700026 4173563956
26294499 126126060957 624212002390851 4043796510 5861974983
6285050 14302927982 33898399817522 2205929421 3141484918
31079789 119565903429 467962429965953 3797986204 7357627049
1705554 1784175498 1984819770018 1351923283 1754218163
17186310 57132155744 204722854782162 1709593898 2557074652
13975601 42197940245 134195782385393 1247023423 3399986720
16391873 48074419919 148733692259393 1733308359 4073505142
26241358 96138893404 380350610354338 1480453572 3660405438
30753267 105368976987 375896851665507 1788217538 4231502007
12569585 35299494549 107048036175857 1257465675 2338990761
41535668 180787632856 802595874721808 1073118670 3199990108
41427550 184632250852 844303822916482 1317627805 1937586848
45820665 206154340839 949503405605697 3299574887 5085493396
34269966 132357105854 528384610804578 1084156814 2043246428
14461245 35157434157 88188560785377 3907180504 5684888241
14421001 42631619185 131581049207713 2249486560 2897838777
31555506 128214418654 566663904846786 1331357552 2599065874
35658346 131821077950 508637848530418 1002972631 2087580759
13424733 35792504245 99921125915457 1701620192 2545684543
18465470 57320022692 192911770793282 3238397678 4932491426
14905473 36484003261 91804491501777 3910992032 5965969716
24070091 91745671851 369498208709843 1484588537 3560301227
19461680 68341869504 258974519804672 4151289433 6429226617
27001577 89397571563 309770957064593 1374978194 3284415635
2135211 2604423275 3396341262483 3581196472 4025787281
6206449 9343524169 14467439085793 4279990416 7443026420
15499179 38914162883 103156518543891 1346704783 3024711045
13342821 33591152575 90026637249393 2263089179 2524126741
31404819 130632173947 585141431339811 1581533727 2711506262
30159357 127784033245 569582922765537 1168564714 3176581638
21100630 95240176712 434321157199282 1245776045 3792086942
47121629 211503357045 978162153500033 1869284072 3178085126
11892641 25725898503 57864417662753 1147383383 3317943467
61527371 279081374515 1267250130482003 3867809110 6094058169
24328661 84889818889 321801795452753 2158564676 3616969289
31663163 127227194395 556360811367347 1651609613 2718250306
13031721 30367905441 72733436337633 2312818864 3680022085
30335969 115658864147 458121369817361 2852247978 4884604883
10472624 19817249472 37777687040768 2334459169 3739257122
27502360 122520166336 583472804860192 3990553068 4540673142
25141841 91680575749 364315973071793 4051181158 5152887940
19452650 54877066954 164003482433042 2394620883 3570875850
27907242 104255427030 405834584609682 1517294375 2934554415
6146034 10244840048 18255383283906 1853251404 3423212605
29347819 108342124253 431768017973011 1411848508 2760967201
45674481 179495453233 708541394249793 2180118368 2313711320
13896550 35405302256 91849775411602 3031150532 5039713238
42918707 189890479735 859113587669987 1865427798 2492754195
8143880 15483255104 31461813258272 2958137088 4855851431
17656716 61856834840 229746984883248 1058668120 1771356848
29846296 115074068176 444726459827488 2416506691 4762220805
23881667 79404345135 270113566930307 1534100433 2521146368
19276529 67602453543 254644730756513 2654629227 4211872914
2793905 3402126027 4223629332977 1395653226 2276668334
30243429 132010300583 625583540045841 1274780789 3568332794
31344953 111311415101 416729838146417 1969446052 2007677307
27029153 127128466899 626641893062417 1697613040 3037605842
8523609 22267438937 60797943806913 1095084756 3577742490
35978001 142779725751 585260339660001 3775387844 6067113928
4355650 8039511494 15549274527202 1399000531 1650881257
19120594 82237838552 357116408473858 1350837806 2555366244
44673594 197234089678 897856813515186 1164990269 1212977236
47683526 199986270982 858583422160658 1719247809 2540898673
23633784 90813993760 378827363777568 2849570553 3730546876
29508547 131195949607 625880939563267 2181120132 2229883623
44159341 174277894915 700246664485153 1567732081 1773067455
27930986 103052254444 385028881099538 1704740305 2067834367
37266022 150163207696 643367197783378 1073134245 1153800443
1360994 1128612960 980994398498 1333241827 4070284458
11997066 30084475258 78418322731218 1318580600 1645535748
21047570 88837177086 390926577734402 2590629640 2757148090
17172094 53674607818 175052306422978 2788767999 5571128319
25389539 103556374895 443804475131843 1309700769 1602146615
24576633 89832520665 342986563854657 2260283481 2410309666
19687476 76698789992 313925769047568 2547384928 3671611379
19941613 53757603251 147847630027873 2669174611 3567460861
19481505 65561192999 229154621314977 1021007897 4261264748
19971669 74318991695 297171680274993 1010303963 2887872827
28583654 94132483992 318089565525266 2544220259 3275252292
44550593 187457306659 811093844481233 3724075810 5131723460
17895923 53790223761 162635524637027 3209843119 5130737080
20426814 81066319354 338903600702658 1184722463 1617243090
36363465 155606144959 695333584191777 3584738606 5655841270
35192819 130072588065 503288044362083 2363855389 3207233452
33369981 133773069165 564902536359393 1165398905 3005986396
27284921 101905602219 405243613060241 1612170661 1911797152
23464757 107330832153 504565178428433 3256226885 4168002937
28635564 120615362200 531347662229808 4151640892 5461443374
6639737 11428521383 20466649828097 3563489479 4720280909
23801841 94643971111 406883791525281 1601630294 3475676404
26865558 96715290384 370508456160882 1891656521 2557951100
24640363 106814428219 487415671676947 3479193123 6751165710
37004821 156734382871 669424306398673 4220344983 4356213662
30477202 109062681400 401423047479202 2946933808 5696496443
42219525 176610590625 761093585720625 2178621587 3193740898
984585 646188243 434527791537 2215612150 3175526616
33423669 116793542319 418371343387953 2641352898 2779386309
10143225 26562544057 73766102602497 1652856446 3355959189
9418414 17340831262 32717957997346 1117270523 2590153424
32134482 136266929128 597554980368162 3681967337 3921975933
29781925 130724196823 609351017541457 2574657112 4490017972
35838611 134378145439 518667630154403 2346375538 3496425503
24569373 99929005885 432249611305377 4100117044 7596668874
45016814 190910907340 832280243767778 3279273047 3924749478
22795289 93274524729 402481402583873 2329150636 2972421778
13873259 42195297845 136750725616403 1434153837 1714983692
28619489 88594751779 274659381797393 2400909936 3261287406
6918776 11143389872 18375611728928 3989660588 6677998724
27251084 121761107224 574947484329008 3066534361 3773301294
34001499 118181507779 417321761837043 1296659545 2812772434
16961570 42318608528 108061875599522 1621775971 2036711960
23322461 83987231859 327689466212321 4075228629 7142604427
11085780 25964985464 64384141104912 1548800716 2973229194
2261033 2313402001 2466522514913 1101143214 2498871817
32952677 137764732545 626462576292977 1659851476 2612607823
32179802 110255003460 386276941993202 1324031685 3504346413
19508586 69749045666 269640210940146 2396268094 4144357882
26125626 102385295452 422106953867058 3600454558 6519196783
31208538 135898078366 628102618531698 1838915435 3415242354
44574344 174697430976 691298291483168 2774006612 3961367720
17017169 49044336453 153295453414961 1418588935 1629961658
41257625 156656116375 603409805410625 3374334509 4150486096
2296538 3027453030 4246423680722 3173256652 3527193783
17457566 72097665228 299792493131138 1188200217 3871883143
27576650 98922776146 382082734603442 2483795826 3774315006
33993324 134621533160 570716540901168 1327668693 1752651698
40763970 160944074144 662613478481922 1300539762 1795948042
43139262 178729664842 763209909796098 1172268253 1771926439
36587285 134012101439 506057385832817 2523677382 3118594624
14193860 40195232424 120383112399632 1605525800 3547956464
24832676 93918873976 381986757276176 1340189936 2313105396
14675976 50839549424 184330771922976 3090228941 4460266161
22629281 84728246407 341632538750753 3702577749 3719997271
6882049 17987031343 47120291006401 3448880362 3652205171
27361569 95507432259 345679689585873 1796843208 3760925208
15227701 42964843895 129552949501393 2067774519 4038077783
15871278 37211820274 88330021107042 1935273048 4088010556
41920014 188694346868 865385103668898 1137488107 2824725782
12398282 28544039910 68888320919762 1973880508 2945556277
39078929 160678664201 677659576418273 1793877763 4211947976
45995838 187186847082 779718483560898 1569620776 2865804981
20108196 72834371416 282335489038608 3767014102 7164454953
14917314 40933282902 113881284762978 4191740198 8069263253
4385290 6588265202 10076891393842 2752549105 4909701508
31227033 125419415255 532139995153857 1326303526 2127633795
5126796 8950771080 16814886374448 1130782937 1237221347
10648108 25809033320 66390188694832 3731088907 4135621235
17609365 43432771049 108268607400337 2403636466 3954622907
23459534 90201936402 376584581260706 2615856933 4240737697
51395354 227068479522 1029576096214898 3423009284 6089320166
15355827 51783864705 185701313939427 2118832727 3311430836
26228165 113361147439 525746477184497 2116371141 3237486983
13559477 43377077023 147614192393777 1870053489 2522029826
6025694 10493780938 18331549048898 3457651197 3527706529
14867398 43450985386 135393719699602 3526116121 3901881177
28323467 126471198107 593895581518163 3378435850 4019142336
8181176 18458359184 43580662980128 1200985628 1469914229
1826822 1690551360 1612273375442 2464747464 3626761303
28539186 128920412872 612237103182018 3538175418 6804038546
3576806 4331041990 5403846168338 1053588051 1120389015
25786661 99789502399 419544621082673 4123562499 6451291115
7619566 15898114898 35731869280738 3318726741 4508718509
7559475 17928872837 44770480898787 1423641829 3137701748
5266186 7079191820 9611343549778 3231237170 4554319677
41046905 169929190647 728989474491137 1026790383 1278336508
20119258 63559762586 211461509955538 2848314096 4865279306
28475926 119056322674 540594808338226 3615495550 5086246749
33933926 128211494600 500187262882898 3141167632 5596670747
7917476 19645089320 51033786141968 1448586216 2660419130
31550766 123232674644 513586441797858 3738498485 6913509358
33087666 138739666042 597934585909218 2579048472 2732922658
32294939 110007856735 381493397410163 1768783595 3902900376
28290633 128012751341 610059996871857 2394344509 3865873997
18582657 53805192553 159181674199137 1172742522 1371774996
4805821 8001569989 14363555971393 1262436594 1942686125
41359194 177604067718 781312011975378 2213511527 3240647398
4754764 8738795512 17066308088368 2837760826 4077338552
19161147 62490604805 222012112914867 2195665799 3061251511
40135475 152580903959 592768976031587 1592137891 2000732124
22281707 84727397815 344560764141587 1902041304 3738005110
24758854 85191137576 299282188371538 1560453171 3638251614
763973 513372665 359668858577 3822863139 4529615894
23501121 94381322797 408250558323153 1674783676 2904441607
32967146 117779868452 436344656458898 3099994412 4122085833
14786746 46838052100 160075918883218 2985337425 3611724781
27053273 110402233911 472931585186177 1648574736 2756567327
7027594 17478607852 44875813282258 1399553775 2709650301
24890049 86745899843 322853924152401 1469347070 2505847462
30672554 110318798754 407772427545458 1035508454 2453529130
25439889 106190600437 477784028727921 1503205926 1976383814
26915579 102474455733 411679817037491 3656160360 3672703669
37746978 134100209656 476887684703778 1329593810 2752440006
26325166 104390886286 432689418502306 1009700482 1107824634
46893530 191224961388 791962550048882 3522515564 3983544320
21935889 76806743723 277837506058353 1178952146 1857267681
14746142 37085533020 96629819892482 3095602050 3409596131
26979219 85527916053 278157075008163 1651707137 4082140169
39458369 169180483597 752312015598161 3712522058 3853732160
20512113 69252758981 247851775312497 1362881144 1428539037
27852086 100613769838 391134188917298 1008340861 1674530901
28620786 108235875070 413826501238338 4051665211 6931520599
15593137 48671852167 161578297118497 3699104867 5982155365
27158235 112151389409 485403087631347 1051156716 1155850119
11969150 32660447204 93239748839042 1861614294 3574367783
15853604 57090970728 214111521932048 3175231061 3423131925
30957458 127165915960 547991416222082 2557435551 2968303524
33568253 121284867445 450880220540417 2207398410 4112394709
33577521 125100174459 494807874891633 1008013862 1617973076
23756025 99604308309 444664875003537 1447173997 2020464193
18450650 55752141076 182174922209522 2605466586 3681014897
18666680 47902048144 124909210099232 1848507370 2435653644
41256929 162818704359 668084915108513 1490330874 1955936448
17870897 45633536593 119922847316417 1592340496 1680233480
5594809 9017289449 15014164160833 3507359105 4244170509
18772949 49365750609 132733588960433 2595688829 3515120028
15550114 47470517216 156780612756898 3215575565 4999954691
21986356 90162234856 392617888906768 4134936149 6661012808
34997609 145411031869 656227008464753 2295434112 4189518985
20094242 60105659688 189770566152482 2621027891 3938889550
8227350 15205929328 28893854737842 4039582652 5285804000
21126670 74643028946 284538642376162 2151588775 2586588143
39507557 157979772567 658203633297233 1664200081 2396990536
52140901 226539581239 1007527560212113 3844180112 5783946232
19552854 59922731744 191627108531058 2676740616 5055233925
15251841 54500887017 202566146203233 2814011328 3092507925
24601394 84054857310 305161689410498 1580184610 2557839977
35559110 154187220888 692479858597202 1336194166 2588343471
33478037 139187175055 602842426176497 1013563094 2645845417
16549269 48747006503 147194030912913 3547759810 5530010634
32611949 119120679475 460947963083873 1864374834 3893227256
14391457 38350873315 108159906456337 4139932295 4826754040
15330465 46476901197 151450406522577 2005397737 3176521569
12363934 35019485452 104303399131906 1081963967 2205991117
30458377 114159973427 453847252432177 1264372431 2464636762
28984217 107619963687 404557203018113 1359824392 3038555861
26056457 82562409747 271333810050737 2075696949 2987335068
33513894 135262499184 592172046169938 4115466747 7596110249
6465026 10027324042 16027824270818 1510798687 2052038283
50087485 216543124979 960804463759777 1677351021 3884440593
41320046 170117822594 719993426400866 1875794842 2352988136
27946669 121597543027 570316380515233 3490366823 3722605132
39223742 161430688172 692674623923138 3092888577 3730838520
16037962 55166682950 199806950605522 2565039209 4161242592
3688042 6728261282 12591076369138 3765831772 3981674113
35579891 148214902111 669938087378531 3079723764 3551000928
52406085 225036374529 982494204576177 1980130301 4062091718
13380309 37569453129 112767917824593 1348569732 2627608301
19430822 81249418600 348565226153042 3391204667 5355914379
26224614 121957828426 590671861699218 1887544289 4085062312
38743939 170726218937 753108278743171 1672222782 2116339220
48863051 212891971205 957880742574803 1562573005 4163654998
44153582 195979845634 892031808130658 1423004144 2698961040
22099283 79722052119 313276182304163 3686353364 6336589007
35721924 137730905976 549490550869008 1807013130 1979256247
45536390 179856075062 717089334701522 3322462534 3963102620
3193475 4964986375 8158214751875 3910808800 4034256511
41157405 182444396883 818699479784097 4045208918 8067395511
3509963 4733623595 6461026817747 1343779082 1880538354
10849222 23022179018 50577673303378 2494757825 3517729570
26777915 96642645489 361511073178547 1746692958 3181683009
19714186 66836752046 244188451505458 3766536722 4878162277
10331419 26007153659 69736586001523 1895829525 2852322762
7827353 16559300869 36240003865553 4026353651 5415479499
23059280 79831701952 300753213853952 1798169547 3473099519
24155075 113553527571 546163012772867 1848228646 1860612559
28014546 105612845894 429273178898466 1483281703 3085614197
10760643 26065092313 65705468954883 2060930211 3328636773
5015357 9332774307 18338566313633 1685697349 4210278321
6401641 14766631325 35423645744113 2486447832 3134794603
12243236 29379371256 71557693967888 2954648361 5337448162
12293430 41489133848 143046278825202 3028500540 4533759783
37396667 133772205323 482833897584563 1567672122 3691901718
23612190 73001056348 237827275858242 2483662078 2767137159
17397281 49761520319 146961179944193 3795922362 5515578495
30647921 104293699531 368948468656241 1592346759 2671770930
25674059 91883826763 329159436785363 3009609562 4020936106
19668683 66804316027 236540719428563 2444505413 3301705688
18256933 62091336673 222503358070513 1036329007 1483393038
12985070 28371641236 63985363432802 3147490306 4180318661
37362477 131934194875 466076923357377 3776163949 4913646126
51944962 218356655480 923724844949122 3111630866 3779140134
44747149 200882960893 927004258615201 1912065636 2734949104
25963046 97956641482 379244937502418 4216823914 5822439640
24451978 109635288326 512071123975378 1040552403 1154362601
21578849 96332259053 439492615066193 4171968042 6160935873
25152237 111491038315 517784345986497 3034262305 4988576191
23880966 82726585264 287066550117906 1549265464 4052342684
30410400 109717915904 409951272571392 3073899039 6024052892
30211458 105855259040 385679865366882 2506925507 3332553024
33561160 139302044848 629261362557472 2780498918 4541369010
6575948 14005406936 32063034427952 3251583047 4225069061
2071317 2059543457 2102263374513 2277691077 3390992354
18168525 71360275875 291724574870625 3408222454 5360004818
52316090 235281542454 1086238382843282 3418736913 4401846328
35251405 135165233827 544114717817377 3661329227 4055099175
9614198 27587574126 81968244255218 1009006181 1516406409
9554141 29072628171 89298677037953 3089427160 3159515352
19701941 53201827503 148560185066993 3392035920 3535590347
31869890 124599201518 507300903022082 4257559914 7659601950
7267185 16495376219 39373707562737 1027461479 1252649634
2258385 2479906713 2786147324577 1826371630 3324046756
41314089 178648921135 800055895346913 2047361660 3802023160
31794854 127896874470 517599130189778 1273244356 2311990848
34154285 145602297691 643430511992897 1905264473 3606479125
26423225 90107706375 320539808170625 1233683525 3209826847
19241414 61428805920 206034208335698 2237133261 2905826539
26264246 94696010408 343953563858738 2488142726 4586307497
11564190 25441121412 57784037787522 1680194348 2816469683
11962209 29488642649 73128583881633 1356299680 2379122390
10178014 22889670182 51733605039298 1354955150 1978616174
15760946 58560845672 224956660235618 2596133990 4627966345
60213726 273910534362 1257114380759298 1237864605 2938406640
28189821 86445360429 265154187445473 3170448937 3195666891
45184142 186489691362 788548419240482 2817524305 3442028576
25740854 95072867406 375216886577138 3869271984 3971055246
35579921 152757740491 687624698190833 1996239785 2660996359
31689806 106619066660 365144025349538 1760564151 2599113352
13074294 39881052478 129285520351986 2180783677 3375886941
27021140 84492846776 271265960663312 4002903126 4220654099
9262285 17131687397 32510266467457 3807164301 6715389381
21564692 71134279688 239891569282832 1111528915 2323200698
24045305 108477811413 507281669619857 1616636187 3599578566
27543333 99254271977 384720778679313 3932113667 6907070226
10223049 21197674785 46646822325153 1407928958 1791888975
22879926 92993400174 404807545490226 1268713242 1613905242
11173928 33625051040 105836320162592 1913310751 2161952518
14098609 38318147659 107259865629553 2439246459 3457107649
21065457 79406539237 316643180787633 2681447648 3263366098
8547634 22136176448 60270344938306 1782560015 3708032605
4922441 6569803989 8988350734481 3429575209 3660686372
18343621 46854805969 122229590664241 3894085996 5394122656
27289590 116122883696 527664201581682 1314566737 2947578258
54525624 246165782896 1137599523175968 3835071086 6775819394
15807104 40637215744 108231360585728 1598300907 2209424987
35164313 124209480807 448007452641473 1150894593 3109133522
22776854 105289810722 495291076059698 1545692730 3043770403
41708792 169697553120 726205530624032 1435669707 2665931211
18451308 74577567000 311025218621232 2505384342 3674537538
55688904 246425555664 1107349928490528 2238096930 3893484259
41023176 173343796032 753829119786528 3151520196 3610236113
48912643 213029242055 954334135360387 1429012931 2723488252
40193270 164692395648 716137321614962 1117210640 1370927624
43676846 190917430094 856861707216866 1304894443 3900867084
20588574 65995610806 212847563132418 1499161687 2134783416
32022590 134690901876 608833235088962 1718297093 2703365848
36955946 140335770724 556329604999538 1200625959 3937929173
34652474 138401532214 573866361196178 2589691519 3821147904
43806454 177665881022 747917975699698 1654696702 2821184208
26939865 97764684121 385097676683457 4135147437 6813514945
32787021 109145407429 365036751659073 1154472556 3316276182
5782145 12544019201 28423420527617 2261298861 4048234300
29000257 114685081757 465657683758033 3260689742 5829826950
53700038 227658686454 966477418695698 3092504301 3370852605
13864598 48085514336 172962286143602 1560855889 2582279986
5350068 7898812200 12326640260112 2954261196 4300503637
25983461 90507580391 330005036570321 2821277333 2823660166
3664259 5344054931 8148511452803 1647358048 2519893732
31499838 108517606890 382994206467522 1069922998 1670432437
27331533 95866443091 361478394161313 2962327259 4195418291
17368737 49452771367 143655907002273 3714384383 3860927675
22254770 95905666712 429265314361442 1458570119 4184649519
26406467 123320228247 600391954184963 1406858662 2164363140
30344573 119505474925 496612536018977 1380359073 2729165144
52980619 248913415603 1201878458198611 3585969262 5355540429
8333445 14469692417 25765434127857 3522226518 4431117144
22602091 79114377961 285840996237331 1515038658 2171166117
32134765 128580248213 516097435485697 1468027895 2019628786
19081782 61300176920 212839984827762 1755074046 2733655902
11573578 29827698740 82433233791442 1331221729 4022951186
26452053 79634862855 241671258136017 2949818588 3730466764
21401981 72314439995 252554911546433 1989480272 2537578079
17588717 51786488797 157049674052513 2120299201 2177775367
5908389 13501715599 31820596620273 1520254831 2890188296
32339082 126709216622 509525425261362 4149859036 5775783730
30501539 133911304337 635430396824771 1674707173 1947678215
21325604 71878823640 247125728818448 3854328129 4648326678
18166454 59429211122 208557187846898 3052112999 5578121837
39009827 164297167103 706040123215043 1962533994 2704889420
39090971 152608242269 611915936095091 1465607873 3826114480
17900949 52182563111 154095870047313 3767824279 5402343274
26733857 104024785095 421452485640737 3678095904 4797321374
24846474 91665178534 360557190759378 3864339944 7081861864
33607763 122230681301 459044100549923 1142260923 3407039176
38302085 158356251641 669548311610897 3866234170 7398492460
20216517 72567604857 277408773335313 1842024336 2937320935
12199218 33783969246 101603564647362 3819682831 6905848148
23702285 88406237691 345036142098497 2464285703 3194977654
22958753 63699371399 177074041942817 3736314982 6494073950
32772642 121602083912 465765792585282 3489218001 6713812688
27784277 111646762031 465946095804593 1726281947 2719664865
44788355 174726770049 685627406609027 1575070336 2158494475
38135614 141357827638 536048122679746 1361944907 3842742004
11340945 23797778453 51854817582897 1531568789 4144982890
20856539 65606498469 221952921110003 1198552023 2607297723
35776449 147424065699 655832772151953 3124390333 3936637372
30083558 106419014534 390170364254738 4076467819 4266830389
18937070 56860912564 180657869196002 1923415638 2406267841
32010776 108986275152 378758530780448 1512488786 3122517581
20193005 80562390019 338179795476257 3064017891 5770946264
29462229 120494949265 520050860047473 1844092071 3170321853
22459709 71891828091 235982024549633 3304411969 3821924994
461147 271570435 170181972467 1898407050 2960690367
10702597 20316458807 38696571771217 3334351825 6655953631
33219316 135488703320 558463727649808 2318915933 2534140485
53380245 225259613279 950829591413937 1471482342 2690596524
13991992 45559279072 157176652345888 2425513053 2568133661
12675989 34939628937 104035570595921 1144206108 2635973513
35560673 154292760189 684366625138577 2287904609 3979770435
17864352 49721336448 143806381527552 4236522380 6748238910
11037201 28603044289 77363217965313 2258028764 4093029066
496541 249644925 128533758113 3128718218 4494395514
18294539 68996594763 275333490060371 4236033582 4252447569
32126241 121425908871 469932682801953 1156863911 1944743875
15494477 40691107627 114069437742977 1568164077 3038579761
18893091 61045075983 205874127604803 1462515741 1933260955
24053734 72812042074 227735682313618 2289522720 3170913496
33722386 117194492152 415271618029858 3167386755 4878989634
23960029 83793992003 295848672192673 1761559507 2523315683
19801866 61458454212 206884023913938 3900869902 4107515748
33255142 112852787264 387920798403538 1071835071 2805872959
30814888 103644299744 359675422351648 1609990088 4124746163
15284225 37988451459 97201020645137 3675749149 6226585565
9537090 22704170718 58760368881282 2248416307 3562114186
13891489 42148674287 137798751744193 3631634175 3754950830
35033210 131108678478 510920040920882 1407695475 2664793756
27223211 122375906057 584586310248083 1738831691 3056555185
22778294 71851334722 239386562564786 1539087581 2480532739
15814594 53091823978 187399525744738 3129556080 4221993532
9746232 22028905072 51390451310112 3520758569 6961855888
24070950 78179460336 263506170723282 3374205523 5004760455
4666328 6569328528 9529058532128 1536368271 1701161259
48326345 196343355629 804444793833137 1023217740 1211242127
45237131 192056313125 850468942226003 3932115371 5950734027
4601484 8046556568 15038788408368 2585083151 3357774794
5999526 10821764584 20379852936978 2498841716 3334660170
36140004 155316736792 675251503251216 1858715442 2478153780
29781881 117127392885 469486385373713 3225818427 5390309109
21540558 69321654100 227242079915682 2146514179 3871850533
28115269 97593006239 351665703756913 3106233810 4048074695
46694258 198341261136 870288085415138 1442770263 2468854779
31489550 123845859506 505637384426402 1104542670 1441108438
42037348 170842075336 713453135809552 2029343483 3178516837
42943506 168056511346 668610658950786 1885458252 1902049231
33319854 132994480284 563195128700898 1482187990 2186060905
43735504 175708133056 723646109909248 3701978584 7402171516
43322307 201984714775 943380918921987 2125101248 4024502307
33446462 134702034660 562043856304322 3677712627 4965017089
20063401 54333575999 150180637836001 3235338571 5753219578
7717049 20804296381 57042780814193 1607208132 1818175640
9380429 24762570005 68934927629633 3389445906 3414613358
15199189 39434936633 107056745698513 4261442219 6764900725
49607790 210660657436 918891410535522 1661272433 3137359272
5720877 11547092523 25009637475777 1766964598 3602010916
27986394 106852160100 429050206443378 3600904806 4365339629
32289414 134878602592 609176106501138 1238195187 3680058371
35890804 144988169752 608750596618768 3174347605 5450038921
10004978 27232129960 79049297593442 1263174301 2332435640
20120897 66302210295 229410029442017 2222490005 3575021585
52437422 223175602460 961529965359842 3626631688 4158418908
23509520 86870015552 342883840762112 1639575012 3226974222
16974520 40832886304 98879198036512 4136573512 4808584647
38837409 164778933777 728304989895873 1567076944 3865683977
5910984 10580560208 19699687691808 1724100824 4291062725
41715026 170934676072 738097836738818 4031770510 6140199978
7523238 14468145994 28008430163922 1244138520 1312954624
18335169 45646996879 114155710820673 1418539552 1446694079
47918886 230524740746 1119724139456658 1290093424 3574337015
9907419 24119695583 63389942227443 1565268230 2625593951
11008522 29153641742 82810851772978 1788413390 3049975454
35925081 127654056829 460613872422513 2620440734 4099607527
20577885 74801486053 294730208262657 2975679754 3389335162
7859858 13788359926 25365813445538 3315627276 4312551886
23391674 70202065068 219670525368626 1866593387 2995441322
16485950 43434523028 121014405671042 1882432894 3112716015
10096209 26413453323 74321978781681 3713458067 4930269336
35919909 145867948185 604240339388433 1852745773 1901748635
30613241 115988344137 457829133674753 1122947911 3824397449
15979972 46810080568 142852177598992 2875351145 4631432644
26224874 88034360182 309071635524626 3617479758 4930902721
11472894 34047360180 106066254435138 2126086240 2237286579
7542942 16130150180 37506556502082 1871978602 3177605622
12430132 37897431272 122083794581008 1936126870 3253778738
4907789 10314294635 22280919843713 1591608251 3979340915
11944890 34629872012 106995740044722 1426654523 1688955011
28120957 111619188395 464134848303937 3755759737 5173002014
10923305 28085553009 76429083704417 4046509332 7421208485
16293609 57790599805 217103916413553 1517543845 1691455694
6124394 13487211772 31340701635986 3735733885 5545922658
31958968 126279249904 515535230881312 1508249961 2893807354
13975429 35143341175 95165949752593 1593321525 2895573318
23152408 71380394704 229273766118688 1144512623 2722102875
58259230 262944006452 1202231456768002 1635025061 2017940023
13075058 40662761726 133014338127938 2916682964 3026967209
29451282 113776951672 441627535173762 3257039103 4006985332
40086558 162347208940 693221593578882 2768382287 4040881248
8248994 18726105222 46124212970786 3037633100 5916832262
27844046 92492983172 315970827270818 2935251386 5259231329
34121817 143684159865 614242354902657 3077528364 3336417189
23866670 75126162132 248133087669602 3132132950 4876744679
19231128 65382017840 240974658530592 1310175661 1938216527
26931313 94715830601 340934571624673 3653903776 6138789967
14201417 34632801637 89883641893457 3812384479 5070689496
12624061 30684694139 80079662732353 2419293302 4274790080
28084181 98167363391 353519398825073 1238459486 2093750419
31143866 128926772084 553432248530738 4119207923 6664053766
48924553 197574821695 797880066894817 1141118870 3470476213
24208181 83493034065 290305222058993 1075644404 2261704799
6014956 12785525144 28686434149168 2851582087 4838410530
35186360 136910951696 547458762385952 1059880305 2133580838
33927989 137458086039 583176740947793 3601452138 5575795967
43516755 172545989643 698940367109667 1827442685 2597631838
29944622 99510264020 337996624940642 2245865998 3479335340
25692125 93051810011 352274244729857 3675596874 6406658368
41983498 170513602874 719504446052818 2460965176 3160980456
29457126 103949840874 391026708748626 1337724413 3179370733
24729872 107213591232 487605814030592 4049383567 5181405440
8976230 19863572778 47853342042962 1048963882 3216929806
20823105 87869074391 384174808690017 3293109187 4597045344
19056546 81892413072 355146017896098 2972273610 4597476024
31903353 137152388755 629056907850417 2753932161 4712462717
54895981 236016452125 1017960395504353 3534697412 6348791496
28312829 121985811117 568919761212641 1608003560 2538173460
24289610 75692575764 247838323788242 3916187109 4651378264
34519409 136854306027 570926887234673 3437456954 6336822350
17252334 56713489246 196927400544738 2948318265 3849015751
21735697 63139293307 190102929415153 4254155364 4358505128
6730811 16224132987 40595482218803 1298362867 2177426169
18905362 56817003032 172754511591298 1450521498 2328793454
9795714 28192604790 84601745223138 3559368063 3590199465
40222181 183093417281 841408528562993 1743979330 2859192845
63675582 294061671820 1360091924229762 1815479097 2239858658
45491462 192218103610 843309127373522 1469939287 1811795706
20177235 59428487413 186293727457827 3772343803 6227640327
40046606 173469813154 763099739426786 3639686813 6840797771
28696853 110719826001 432217571037617 3252892720 5298021753
52846664 234005378544 1059796899987488 3375939105 3582051157
28650502 98200622456 346254292316818 1180140281 4037681962
28506730 104194533986 403110369451762 3376031288 6134569230
10716313 21646520695 44835678568897 1420553010 2843189759
35007550 139048830262 590037913919362 2671447906 2709728016
20521746 64875844998 206596506047778 1362004506 2443567376
21525000 95896289728 436513466767392 1245730765 1692391104
32999509 114774285689 409428522718993 2671323578 3328203219
6991844 14949249768 33691299565328 1307014788 2321247953
15889101 41940559963 118569119717313 1226242898 2163248067
6054923 10739561389 20212732949843 1369817915 1441855472
37773268 167755448888 763677378984208 2069552465 2462374149
42242451 177691822127 776053668953763 1855282503 1922537358
19129721 66865151383 252909192536513 2849463711 2989508322
10517484 28125273576 80943199568688 1268841597 3977620124
30955733 122221439577 523766062432913 3121338871 4145923581
21840826 81333145772 319197609024658 4266483696 5965474330
27023652 101376127368 403506849930768 2635218693 3300424712
3408222 4599292868 6765655191042 1460100602 1527322745
7058050 17482319974 44871217677922 3916039144 4596961499
21810806 68373235008 230329946585138 1495318541 2942262759
9230961 22930795929 60395960745633 3060905742 3385947379
12873209 38739755527 125258747102081 1818250216 3090190011
23318811 83965017339 312081268556403 3579906549 5733819475
42140825 175053473125 764991295660625 1431347148 2179699308
15598520 45103184496 140971712417312 2740848163 4666922943
34301445 144079285319 639790728302097 2215524820 4230674048
41123438 152305651044 564205049922722 2992312250 4079727096
22028361 73266853697 248681830506273 2839179241 3415440445
30651497 119027282193 468857514454817 2923458771 5779927052
42328040 175995494368 771063602131232 1026765663 1687372885
36823195 147616538131 634017377356147 2242634916 3490205276
12133206 29575161712 72570788636658 3553799339 5330729714
9137297 18259068933 38839783842353 1088760743 1375569947
28406941 96602069627 342934106189953 4157241300 7347958813
45914600 184635007344 755500360139552 2984244388 5246347883
24689117 122615929253 609152992774913 3241386402 5577651760
44738728 182066251024 759778805692192 1977984179 3878058993
13623700 42238670408 140041058708752 1281126430 2231246077
2022174 2033521190 2045046784578 3418474513 3578748491
20499521 60177333987 186296517014993 2553974973 3723620439
5436990 8564295252 14323238343042 1909004777 3126922750
32208654 110766037758 392620832287266 3368277278 4871014617
3285674 4188774260 5717204036978 1370515133 1565363844
18414714 51108686524 150675961209618 2451640208 3555371336
25190606 109116316674 503402948287778 1561944497 3195227897
29994289 109159696693 426030836514673 2818193492 3801878342
15089358 38436350770 103394718650082 3080847203 4244179427
34523069 120301783531 425803058769473 2751495541 3110712468
11154659 33114851127 102766531281731 1864212390 2918104154
28889165 127755425909 594451156240577 2118983057 2766616247
42663282 198482362784 932321396949858 4211265129 4466626309
22984101 89593977383 377095425369873 2709109635 4345264253
35331747 123931847415 440072624681667 2148086299 3844797235
4330304 7773451776 14744647897088 2867428451 4204673910
18982259 52004586375 147416213560163 3461511323 4485321239
14108669 33896046645 84967637907713 1920366691 2492583672
28059125 106353097625 410286020260625 1233395907 2105448858
17947814 56436632624 182293327036178 1842473869 2994863195
17753349 67708926809 270141008950353 1034861696 1636549627
19256189 59005145837 186409958679521 1927207619 3379390533
20178269 55656344819 157447910144993 1867971245 2754615473
19951733 54710497215 153744986108657 2649512014 2815121456
5823138 8591667544 13092880525122 1958699340 2302386875
32922650 135337841606 567811367614802 1274750739 1610086565
4489164 5743975896 7500364961328 1768648342 2167125702
27155513 98169437493 384252641561873 2337538344 3455659327
18064241 72677715221 300535435607153 2667355784 2908292940
21153529 92740147289 417042063787393 3632825267 4902687989
997721 628657891 414417179633 2124229232 3147497926
26138430 93966040918 355923985843842 1425784167 1449820897
31297691 120745795039 491881310814323 2255086924 3637747213
18600339 68305214571 268374438156963 2387545650 2514448963
11752037 27699499433 66226597846097 2565803712 4649135563
34458579 147731552549 645771372823203 3854765183 7510339956
29821693 117484682021 468585249796033 2419379012 4813350138
40936977 187193691831 862681700295393 1683465300 1692083285
25311811 90233445817 322801208723203 1460530194 3697627211
11316358 26211949840 62751813624082 1343782780 1635173428
52621011 222958010337 951137078080803 1351687100 3299103013
24608025 87096731625 316470330770625 1216023512 3532102204
29267465 119654286129 527922990789857 2422147562 3485169508
31785013 122950651681 511247103157297 3806724721 4679171758
28779073 120603134665 547126779914977 1358988767 4038130805
18100550 46568072342 123355580360402 2858288162 4215932789
1950086 1767481990 1646644995218 3021708823 4490877981
23383654 73581864490 241096937854738 1451456277 2213956764
3726747 5170308933 7349338412403 1311678055 1913442396
5410310 10166361696 20458276602002 1188704810 1937557227
16662516 54599234264 191028503152656 2769184712 5506749603
15213422 36800496398 92021941260578 2712502998 3875655062
12637675 33611510681 97203422395027 2739893113 3043878748
65889401 308819363299 1447508767663601 2571412967 5020902039
9086276 18615454936 39013385827088 3380137503 6357585190
16506293 65316025937 262281647190833 3149263027 4367486491
29505994 112598300006 437565521669458 3952261784 5728563913
20660004 64349724024 215487868708368 1624452780 1963649594
26112841 94795679089 354642422587681 1677564747 2080214021
43061097 196616999755 906318662598417 4141142933 5230985832
22926849 102048665041 469847914638273 1783446173 3038824372
49762673 209655197361 899640645261377 3405442679 4838960937
5906477 9242964515 15101900956577 1097665790 1516986088
44425617 180210706487 752153417298657 1688670110 3948103005
40721603 183761162669 834992676838403 1869302435 2033147604
7356025 19494608903 52368421372417 2594866838 4831970071
32844069 112865775695 396679735967793 1042684293 1572938102
54427907 247044505023 1149190422519683 3917070793 6854582895
23243379 88313808079 363600016291683 2328084134 3649075818
29380907 117280724987 506925280872083 2466367703 3220440798
18608674 57457284560 179022309865378 2626553347 3938902897
27859776 113460414976 484197418930176 1246287068 3169920092
33461330 128548026088 517907547912482 1163542142 2204979894
1636216 1597581728 1618712354848 3252036181 3659207703
41157086 186770418806 864375295148738 2327221538 2479690041
30977485 116569571381 472510895987137 1097071930 4273876326
25510149 82463869071 280395453801393 3457180044 4437945499
16425514 38757801268 91954714250098 2751611089 4191323550
56246321 257664442095 1208436722068673 1351874259 2242702381
12864646 32521643344 82453734782866 1762433186 3491128594
19588857 72770710967 284974335832833 2879752070 4154231920
29697058 111256767784 449064209826082 1529326612 2754240371
50674308 208457183384 858040262518032 1225688736 2397426996
49171256 230895118960 1108040701856288 2998410402 3739432908
34835870 152022683414 699753770611202 1186948763 2446896718
45829496 192195003040 831265218410528 3886296089 5696353999
34530361 138702581891 593318141854321 1727963689 2580138424
19536209 58298175765 180549870425393 3100848207 4967215080
26449115 98501055041 393322548829427 1580990952 1679314610
23343707 80586802593 285098443696883 1531323425 2970972658
2671692 3135988360 3875056618032 3901772613 6076646679
14461854 35966775466 93873262785858 2326512753 3657467312
42258299 176406414401 778385150602163 1007641850 2682022116
11284205 21899729691 42521059134017 2980542235 3394649585
3922541 7444459989 14466326068481 3236778210 4388485498
18618417 67166406777 258362804494113 1707869764 3365992338
7030934 13657614482 27085920548018 1308386615 2557402052
25215222 75809059950 232134545401842 4207534069 4308948499
31328309 106315455337 371730366045713 1953344118 3139831644
12599482 44518272940 157752885331762 1701315281 3369888538
26380773 87128415431 304303501787793 2664318133 4461801147
35122526 132276382902 512600085371138 4116320880 8066904972
21879269 77981022497 295125587740913 1809371552 3194448862
24859844 83077172872 297195292367888 2251431615 4439681385
25241235 98761726569 409311657482787 1278117213 1732055563
214989 76861461 29885259393 1375772299 1522028457
19458481 56664491579 175185782651761 2269439839 3417506631
25743434 95659922772 363055437107378 2307362557 2932310561
28618755 114388240499 491626553783427 2622007209 3106919964
18013601 59797562157 211624347259793 3724657080 6262744804
18357821 50694777819 146028778925441 3002696411 5814631634
17879789 53305348563 164749664285921 1106916711 1457603586
5218241 11738288873 26648025066593 3553772580 3755236253
10838434 22342363426 47357214282178 1710853134 2860970708
35266328 154049285376 695111410172192 1526151104 2646234541
14101874 40414794118 123743361395426 1238101244 1863801923
10056430 19313600446 37920193183522 2898400847 4975775954
21080937 89458187957 393082527168273 1578379965 3149458508
27817121 101781599623 398308778965793 3105755745 5053123382
41791610 157996006524 602114515688882 4120833782 4318480217
8192606 17107971642 37187363916098 4169404663 5353798505
28275091 104068568377 391325144142883 2344080437 4144801699
23138629 91393813711 389406339918193 3776436685 7278283571
18962779 70879682915 281542854043123 4149309260 8021061336
37706171 135894629077 494291451072563 4263293140 5556968460
27719425 102527063549 380789592150097 4191781392 6262133811
25437522 82466323282 283802826154242 4181818774 7227008862
29413958 95764435616 317555839412882 3931420712 5752250093
28345238 121722478344 549497768009522 3206174293 4725237781
25037627 78376945457 253842994347443 1509800640 2609127472
37278666 160068964078 692231952688818 2069006447 3122731289
15687509 54179711143 198174479400593 1808555151 3240037720
17927821 51301439317 156246904556353 1433748947 3390610789
18478790 56961257472 190713650235602 1447620233 4176563347
12342531 34999746621 106728645316611 1765003221 3820903968
17100612 58079804968 212692222092048 3797966274 3844145388
29712616 128607575840 583030524836128 1673711530 2353254690
23877230 83561169132 305130515209442 1502252228 2660658834
8548353 18457888951 41015032738017 2844429878 4450481218
34347653 141225530681 618050769236753 2089660982 2190286113
19195541 82996924689 361716349642673 3195524011 4634187014
1923010 2156343994 2596557640162 3367877872 4995361255
15558424 36698450480 88515841515808 1696820480 2120497002
11383163 27545793939 67267192124723 3609575566 6634642645
8942009 18845997885 43004950245233 3981950821 6115564362
13198514 33700827600 87854095899458 2874594121 4456025391
16660349 65608663651 263399967071393 3538386330 3657067724
25247633 77815578231 247429571026913 3884815726 7076829340
2822840 3142053216 3747185809952 1687271553 2465683588
37342190 160583815998 693704064903842 1985030295 3693972580
12456122 29896988022 73083643602578 2156420969 2732779697
19110757 70129574585 276447037281937 1936793339 2453932541
28771058 126273148560 595884860671682 3736432978 6593116939
25473174 114467003650 543125490979698 3983118393 4283568079
43579609 197919973783 910923687671233 3251936676 5627280306
55371638 243451769310 1083693964284722 1267394968 3671077075
18167306 52024814548 152145555404498 2285095712 3254846949
28699965 89662299661 281846974587297 3947050982 4492894435
15309018 51289966746 182251731812562 3046265740 4209620267
48297499 214489768355 979643688834163 1840899122 2774516900
44269508 180624308184 763167962396432 3032560372 3208437195
9027658 21904433234 56331170632882 2399275225 3765388223
17810376 46165869872 123692459869728 1702727659 2728338418
54301446 237779614896 1057474133191698 1569573062 3477956489
24739905 85494219049 298630092404577 1097862356 1409442537
34650214 129344751568 506090265609298 4046171737 6202084705
33165800 126507720672 511978371989792 2335388327 2471402105
26142057 99600318495 392584418186337 4248599997 7243206675
39769373 170356565261 766813993329377 2439253023 3969062262
21996217 62784505837 183460615905457 1539666906 2057579100
13868273 29890676725 64532296227377 3254647700 5323891162
20284875 84804354027 367871375953107 1445866225 1611140924
10933902 29406395710 83397233840802 4244774038 6800393482
12683876 36438475880 109982219076368 1802768621 2496851774
28464882 110700836378 464878365451362 1551361375 2721520451
43201142 198036455650 920207877052082 1666457745 3238928887
40590194 173928296016 761347985562818 2597265815 4302725810
31583306 124847907822 533707121470898 1307238837 3357744396
5253482 11280023460 25006524107762 2991104178 4046182753
31312089 121855159971 495403002809073 1812223101 2034353953
14658201 32737938345 73638431389953 3137653284 3391820262
28703765 118236055599 511503495085937 3065631049 4526073748
28011604 100350057592 373060458950416 3442178056 3830246951
7458201 15230663049 32106483367233 1878267071 3709083325
30600341 116669481489 469467619868273 3759446982 5662280715
17228565 56248229303 197587276322577 2479326423 2912995824
7658094 15904776770 34083106438818 2652651533 4851477957
21883076 63072158344 189287523884048 1749532075 3209044339
7009833 13465889891 28177555318257 1686892477 2290361509
29218802 123831327456 568776126568418 2598141499 3982755837
29405850 125130685076 557798950672722 3315959544 4430206980
31060376 131445018880 577952528276768 2746429408 3896533060
12641475 30576418937 79734355651587 2768647246 3339576390
16677497 46895083479 137565802375553 1924177496 3699516459
38942666 149353661932 595660808667218 1403978506 2556705972
12693715 26960557931 58503322245667 1628320181 3912169373
19646132 76898972072 317349689070608 1297544846 2249356551
36509681 158652403895 715897365045473 1712508396 2153580546
36490627 128939490575 459140418951427 1441824592 3824629335
12081124 29738213560 73471516096528 1269011500 2021056175
3561451 4640958197 6517735981843 1677426094 2313612443
21815066 92092069798 405851035200338 2638882047 3734909403
35577082 149790976028 631523900306962 1651350794 2268318144
16171091 49597511103 165586261809443 2138260340 3760893775
45405229 190175772437 830461306636033 2670784407 3846217113
19710981 55482053921 164851630363761 3327949661 4485080244
34150401 126406368099 484337673303633 1085218722 1616874240
16168506 48073315150 146525848688178 1872757861 1993355437
34199894 117488945072 408090070226738 4014216989 4273769309
24564770 71894000178 212955216697922 1914258708 2295623433
27741213 104988306781 430261899660897 1309936571 1450314581
46538465 194299059069 833444589499217 3483547808 5522014875
43771949 176002781051 730023165092993 3374876869 6217200547
10513969 26151604849 69862021476673 3323743763 4022197598
12478206 42866378668 149592130362498 4030888535 6857125158
49492376 234126769232 1130841804324128 1975003168 4195304030
24353506 94421329696 396439217307586 3282746426 6484055474
27254717 99380341973 364894676456513 1139276913 1765599275
28611653 97753200903 344525746470353 1508453170 2610114228
2781146 2997680076 3384496406738 2614899008 2684058873
32956955 129653421021 522711632799347 3156217047 6128054158
19445401 65310001271 233795747731393 3406354179 6235778138
48035270 198864986488 837886450663442 1922546817 2264794863
22723830 76413593906 258796200480882 3801398022 4914269405
26240694 119434392062 568986349114098 1602731368 3908960763
16140664 54904396240 198027424080928 1569413815 1735698667
16793012 40423530008 98460068717072 1588005618 2741594865
6447437 9520082917 14118247866497 2783548328 5528064019
19140946 58757010130 181563910743298 4207425761 4734598466
14178013 33675490331 82208924786497 1441534758 4152844740
29119493 129467613737 606916560959633 1918059703 2272309301
31638281 122022122767 478358070057953 4256142087 8060122520
27332706 101084660288 376891944078018 2768505030 2780956610
20161958 62453632304 199425894441938 1493574641 1554886395
34670955 128069894877 489434673617427 1023780206 1404112785
2261546 2870000244 3831594971666 1520358266 2097258017
20628461 54550530819 145084570018913 3722810414 5602579153
20853563 88734449315 391663919962547 2711862676 3414679430
31426565 135613379727 626036568631217 3364601071 3992523035
21690208 72536301440 244924131308032 4227411723 6458813354