66
21399265 97908756911 450893872783297 712 811
17061611 49811584507 145497369670163 315 515
23259363 77248384579 260592870304323 191 767
36907350 148378300048 634629368146482 373 996
29878284 100550770280 349310242252848 958 994
6806309 12286825207 23479552642193 309 599
21707077 79682740273 317887268881777 249 759
39095677 167425481573 729832248533377 205 714
21339171 83597783795 350290569898563 713 951
37886342 148045057270 598844455057682 221 377
19547939 58854165687 188086029887171 479 925
21743393 62435653209 184124667670433 256 669
30512726 122382854440 505609742239538 386 710
20854374 67137142416 221508945397458 414 864
40080230 175936302774 802653064510802 964 986
23572261 84009229217 309472451634673 835 957
46994421 213312405905 993886447154673 973 998
30596778 137431269406 652469954321778 708 976
61877153 282857482055 1298589886275617 415 792
45219001 179919141227 725290444831633 383 923
32220953 123518360441 483592040637953 467 532
28776617 119818055887 520063996745057 775 988
35120949 141843856839 589969264591953 337 385
40573314 177908848038 798370200190818 984 985
47794949 198860956065 844244245002353 118 320
32561324 138238378936 639044200905008 973 999
3488426 3896733674 4437358366226 174 345
26192862 95417876028 365321575088898 440 587
16106697 63229450303 251455278827553 787 864
19930506 67350341978 245263460990418 710 803
23662730 78315749588 277502918975282 379 566
45774979 216726783209 1034897602314883 193 766
28198222 97125167404 348410033962978 7 208
18682604 71625398056 287439909282608 73 463
13691730 33667067742 84902631771522 223 603
63070706 290680521208 1344321786758978 936 953
25103261 81756375059 280373321284193 894 979
17710925 55494096293 180784539316097 622 712
26008054 87265254592 310088667055666 817 869
14796457 36716083903 94463358066337 56 188
32843897 141685026455 661579842246017 642 926
21576565 89151141079 385593597309457 167 617
15478589 60486761637 237338596054721 593 797
51056229 223864549737 1006516511401233 808 828
47025795 216615194641 1018974453266307 727 926
13479013 39576375631 122399584396273 800 881
21606582 62652620600 186758094882162 695 797
36195854 126186784450 441007585312418 42 63
10500035 20212641063 39624886298627 710 717
10882467 25484229305 63876711751107 814 851
5440556 10120222568 19774854114608 443 638
35621090 151590166398 679581359883842 56 310
26078738 92309968206 330166669672322 583 606
23222402 80401462632 302433727586018 981 990
10749825 21090369789 42373773072657 369 418
24475569 87618766479 321331546417473 762 881
33941853 115794541371 398375896641153 462 562
30387094 115823135024 453710523324658 521 921
22546785 77694574573 272221216401297 711 888
33401378 136110230424 555637811818178 91 759
31837725 114166703267 432539482143777 352 502
10889177 27007853481 72587948828993 729 887
21769187 83298023683 344148232276547 936 967
38710019 155030454929 645912523612163 225 475
14368833 37283488109 102596213314257 997 999
38150805 154101384737 651923501743857 115 934