43
40500030 162164218474 682815095401602 49 338
29475635 125268083611 571159232183267 810 894
10782422 24960696552 61175136155378 696 835
22104734 68011875308 216253803944258 527 988
7147405 13192666397 24887614031137 196 379
24064641 94920643657 392855710599393 914 940
10454155 20573287399 41857914854227 788 912
18581349 68070336209 262190760343473 384 415
26864667 123547774365 596062837563507 357 381
20145579 67630218213 235708432187283 114 135
48961096 208895453776 912600236243488 394 569
28134276 118934868840 530016063779088 440 900
32245682 121070102240 487167539703362 62 526
3558676 5782261240 9877078294288 112 157
30405253 117062588159 471617768570353 375 879
14515006 39207105910 106096082038018 142 957
3222574 4506120332 6850956720226 717 746
2317124 3044750760 4224305604368 203 365
26917344 92848764672 328095779406336 489 542
31876746 117362504420 445818987470898 730 993
36566570 128433645036 452771801427602 500 630
29106521 125301609369 585070166007041 819 885
33967976 142565439008 650980702338848 653 716
38762894 144098588628 547079315772386 844 972
18150705 53144323307 163333172456817 128 889
33919830 141174140976 592598775727602 16 981
35122361 146580685245 617238983251313 734 971
21580181 69888334671 243267920523761 702 910
8252216 17165050272 37662884476448 177 490
34376321 129752246781 507859797532241 154 713
28850601 94176102705 316955089864353 599 838
23968238 69651765756 205414363957922 452 718
24774504 90290428064 337070893317408 313 991
27749508 120721819240 555054085980432 492 826
18021737 57958539633 200203825706273 384 986
11481965 27527727053 66449849058977 15 148
11865622 26529498046 62534565619378 53 447
42907832 198503706528 919375959559712 769 934
16056509 45557474227 129854027358881 663 976
11031946 23289172390 51878756165458 17 987
17200350 56595533500 201979945061250 441 726
36199980 151772956728 671130700817712 308 447
32592042 124911708830 506933061735282 442 790