99
29665259 106019546301 394114609819283 944 952
41626198 191069902754 881883909445618 81 909
30533219 105823464131 379057063073603 686 950
23301202 80403392672 300676106208418 584 657
30892785 114917631317 456293907402417 920 961
18858440 62448292928 217027820958752 710 788
36499841 156249577919 688271177765633 715 728
43996211 192322752273 864138027092963 676 736
21438785 73895202317 262793304364817 232 431
14503608 46237459184 155098146188832 430 629
33207006 131552791012 557098863613698 211 338
22616584 75248490304 255218297163808 572 640
6407274 11309804650 20546842990098 543 770
35089109 145097879569 623659961618033 835 914
14010050 35082260998 94462240128482 303 581
28014825 122704581887 569831024906337 844 930
12463595 29909633643 74382566430227 239 697
42104834 185068802520 840484272958178 805 904
13449512 36189926768 105054962793248 349 424
41649201 189965472249 866772234932001 613 809
13633585 32927968837 84827012876977 73 425
16120330 52830697294 187019872485682 994 995
24423117 86180265955 306008167885857 80 399
29044233 118098878715 505171282248657 889 951
31381339 128469143537 536320511859571 721 951
18349211 49701916523 141503978357363 73 135
43258941 174894339709 734683417908513 206 878
55549452 249568831592 1144501568133168 102 392
21574523 84397712139 351491298997043 404 598
23294307 85298158353 340126571093187 170 199
29465757 115564681653 482700588374337 313 369
16931811 46468937537 130756119560643 731 806
19851326 87238394998 386552184142658 283 325
20732582 62432168150 198294014054162 784 980
33583418 120216514894 448506381979058 478 539
29626817 97079539725 325283877483857 798 803
21026141 68566956181 227389721976833 267 710
28608941 130421562363 625506060325313 444 993
22153185 76661136899 271523579251857 889 982
45897246 215666659430 1027422927584898 329 461
55981856 255411473024 1192740265353728 503 912
20101889 76364573463 309687126836321 304 427
26318074 90374466250 332935119047698 66 801
12787310 33332883732 94423021486562 6 655
10473750 24013369918 58526474577522 692 891
38864357 171372234697 755902005844433 788 871
40103962 151710131908 583529010961522 228 958
56789525 247853792833 1083991431128177 962 996
20293934 69898427550 260968277154338 255 354
6797117 12443246235 24612156816257 3 782
27544538 104129334756 402528241419122 982 998
30154714 126590772986 555000318155218 19 896
31576118 125175011870 538170613830962 588 931
25184222 97717870060 400163739378242 947 986
25658414 95158613230 367816208406818 957 974
36527442 132277817638 490917655224738 338 444
10396822 23855858432 55268966577778 447 639
21142938 80066976794 325191788618322 931 939
41029610 159071827894 634749695817362 838 906
36623806 143573047948 579828919229698 388 525
19441740 60446983944 199882418194992 975 1000
8567579 20299968639 52065820116083 814 963
19288116 70104693672 274664205581328 470 999
20605816 64008448048 211066316681248 246 420
19758227 60281443719 197127135134243 925 970
8173329 19179760033 47308842426753 832 922
31305809 118224730305 476518002095873 405 783
26594811 111295084011 502678653322803 246 276
12818882 34161460560 97734634853762 179 965
3202745 4796297719 7573814581697 702 811
36603134 130678553034 473392292163458 791 986
16326638 54983128590 195580533637922 865 931
31463718 113777405344 422848441088658 106 168
6421750 11933361406 22839902577202 203 891
21131236 82968574616 348388619508496 547 627
15610818 51404762454 178004779320162 583 993
23323725 82774475829 312852778951617 277 650
10563481 21495721897 45777013005313 404 927
16679693 63129350835 248368261915937 451 694
22812104 69592862592 219942389239328 959 966
43990965 181275360993 767486674635057 870 871
22886601 94085698159 406379820947553 259 360
25318458 89421742194 332141973090738 630 784
54712653 233795759651 999446207741217 358 873
45755094 188322637744 797004561413298 229 365
24726066 90304698968 359112459324258 599 616
30517179 102530119717 352334572314291 58 63
15072497 38529674773 104528040575153 512 945
37523217 164311392763 724998885319857 633 963
4712531 7444786025 12033775796003 427 442
21257761 86967977597 375203278226833 355 558
29719214 119414457506 494141961264098 51 152
12120014 30570063012 81256330285346 716 907
22433177 97793006969 442609375523393 848 858
6466097 11317745221 21417692130353 917 950
16661897 44037323957 123866350598417 960 992
48326061 202049480933 864427282936833 228 922
12261854 37305006410 119263224260738 874 914
14791988 40029616856 110394810259472 393 632