48
31087053 123279020955 491502397121217 480 668
29895706 111357346022 425431885257298 571 577
32913510 110531433466 374668459735122 680 963
37329221 164815594369 745014142797041 510 710
30272201 103791792915 366299690126513 326 962
33522734 129131656702 512910078719906 435 962
25705092 82366996888 278181691817232 374 401
24821605 97490430521 413588240612497 729 912
40145673 183632491533 850717955538993 492 913
22679825 72589927957 249258916234097 215 416
5998968 9113219920 14248590100512 386 534
32793929 135263269233 565253619766241 286 845
16088809 39866486993 102638010784993 809 841
17093011 45576507781 125478308976163 182 245
19522296 50615459488 132658096623648 248 290
27717794 107057955096 426094428961058 810 918
24402264 97869324432 420164992950048 897 977
36353677 162713279485 749166955778977 238 536
27513653 97726013399 360268694798417 843 858
4458718 8751578500 17806483352962 564 694
44482974 179010390844 738793094137218 180 675
18017986 47131393312 126994092434818 629 666
26990558 94155610716 343717932766082 745 860
42794057 175084333297 748725887079137 266 418
13993266 41478791752 128934097852098 44 505
29321465 95975482887 322781132994497 77 573
37684137 135013278635 487299638116497 186 869
18717283 76384921859 320536013220163 937 981
18393181 56422731637 175462667789953 77 523
16312129 42096840193 114479192358913 762 953
16673141 41406576561 106245901416881 438 608
25805220 90708515288 323744662482192 616 831
41779218 178065103904 784821817344162 329 667
52473657 223160956797 959528759617137 229 850
13991429 33053156487 80313112828433 98 500
14522505 39023014591 113943759389217 679 741
19469649 61040344555 192757750832433 624 870
50225524 213940495016 928511110275088 963 972
16888598 57416386014 207761904303602 449 682
28748890 109928571956 444101592541042 523 534
39441493 162217947079 684659654333137 550 604
44020149 184462257799 803347518189393 703 785
17912091 48544990883 138979062941043 428 991
32822810 141396449886 645195896621042 642 952
25368470 77395913496 241296874250162 124 540
26129883 104550377309 454982625560307 734 953
9753558 25751636450 72281597789682 20 681
17291694 50280618574 157048030410978 19 200