99
6797117 12443246235 24612156816257 3 782
27544538 104129334756 402528241419122 982 998
30154714 126590772986 555000318155218 19 896
31576118 125175011870 538170613830962 588 931
25184222 97717870060 400163739378242 947 986
25658414 95158613230 367816208406818 957 974
36527442 132277817638 490917655224738 338 444
10396822 23855858432 55268966577778 447 639
21142938 80066976794 325191788618322 931 939
41029610 159071827894 634749695817362 838 906
36623806 143573047948 579828919229698 388 525
19441740 60446983944 199882418194992 975 1000
8567579 20299968639 52065820116083 814 963
19288116 70104693672 274664205581328 470 999
20605816 64008448048 211066316681248 246 420
19758227 60281443719 197127135134243 925 970
8173329 19179760033 47308842426753 832 922
31305809 118224730305 476518002095873 405 783
26594811 111295084011 502678653322803 246 276
12818882 34161460560 97734634853762 179 965
3202745 4796297719 7573814581697 702 811
36603134 130678553034 473392292163458 791 986
16326638 54983128590 195580533637922 865 931
31463718 113777405344 422848441088658 106 168
6421750 11933361406 22839902577202 203 891
21131236 82968574616 348388619508496 547 627
15610818 51404762454 178004779320162 583 993
23323725 82774475829 312852778951617 277 650
10563481 21495721897 45777013005313 404 927
16679693 63129350835 248368261915937 451 694
22812104 69592862592 219942389239328 959 966
43990965 181275360993 767486674635057 870 871
22886601 94085698159 406379820947553 259 360
25318458 89421742194 332141973090738 630 784
54712653 233795759651 999446207741217 358 873
45755094 188322637744 797004561413298 229 365
24726066 90304698968 359112459324258 599 616
30517179 102530119717 352334572314291 58 63
15072497 38529674773 104528040575153 512 945
37523217 164311392763 724998885319857 633 963
4712531 7444786025 12033775796003 427 442
21257761 86967977597 375203278226833 355 558
29719214 119414457506 494141961264098 51 152
12120014 30570063012 81256330285346 716 907
22433177 97793006969 442609375523393 848 858
6466097 11317745221 21417692130353 917 950
16661897 44037323957 123866350598417 960 992
48326061 202049480933 864427282936833 228 922
12261854 37305006410 119263224260738 874 914
14791988 40029616856 110394810259472 393 632
29182939 106582424437 419779021849843 153 796
11189005 36778718341 122099228337217 601 815
1690517 1452386223 1278768724913 687 734
2219174 2303462032 2430935907026 759 892
35474322 127995107982 471618735091842 381 761
37498302 152101377612 632188074870018 23 345
16821862 49511156840 149949713087122 98 574
18695261 57060846659 188520267869921 294 374
45133563 189564838219 819639543146547 721 883
22575489 80423094313 312093824381793 194 248
25276722 109388541642 497058670449378 435 920
37356494 143158866066 567191112465698 935 989
14405467 50101593857 180965339250163 919 977
45821452 192333488248 837677309163568 280 670
31169590 133751376046 624009772408882 427 465
13546818 35998935354 102354665428962 674 790
23671302 106380622970 497724986683602 57 221
10380197 20810238793 43660555190417 284 798
35997230 139021126414 552123840051362 253 509
13991715 37454954941 107810012812227 591 740
15398056 48123575200 157989280983328 364 785
6786174 12266137844 22416509780418 225 616
46110666 189231742522 798095765513298 256 637
15920763 43241271195 124266316048947 560 603
30278641 108475897013 413736171392113 133 157
36158765 127711128877 455423763618017 588 782
41716061 180028439109 806611181552321 618 898
29188025 93688411979 305690341804817 116 727
14666574 32773907188 73754747668578 135 314
9243614 18353796154 38864179066178 839 840
15797105 43581112821 126340790477297 495 928
24137994 98797176604 428901758441778 541 597
49585261 212535639307 934318705863553 841 873
9394346 21472987628 52068864569618 923 983
24126594 88455810680 340338002396418 696 727
34566736 144123872192 653444865011968 655 674
45236211 215023842613 1022431062271203 740 902
32079067 132514877377 595907440568563 642 799
16117529 43424125981 124108465860593 849 918
12404305 36699928901 116168908835377 249 660
17334946 60753795256 226653370057666 638 761
8557640 21440975184 56938109944352 855 888
50746510 222974390818 1004623976036962 765 864
21138206 71781171428 250568317196738 871 910
24042005 115748158399 563051841214577 90 129
46599755 220292943469 1054147114017107 589 596
11637506 32187984986 95839740169058 689 797
1272602 990944730 835034763602 180 241
30850965 101798540193 340873289743857 503 637