500
33218147 135620697465 567439596678467 620293229 664645420
17123843 44268245055 119702566352387 993314786 999246875
28881336 95948293904 330419094539808 536063158 591771274
27350792 108182538864 464055271520288 530725671 741144980
22117653 80626845447 319818218484753 395021465 631349249
21541822 79043748868 313068324707842 896964544 973664381
27841926 102786789050 403800680844498 389035929 524288642
26934387 86569530117 288151104987747 570729434 598845221
7193843 14733592945 31950591289187 198048535 251091014
15487988 41346596376 118835523154448 722082889 834482145
27466566 108964398480 452931638342418 276148189 359142386
21966225 73197903723 250879989449457 112113557 258660414
23571885 76590660707 259308342213537 817519971 842981935
16181989 63760358449 254253226083313 611577726 773306561
26633109 121336073009 578697305257713 13949514 85174973
6427083 13433624839 30092162884563 410069996 488524704
53261329 236180020231 1071744062959393 304689180 639006415
28904809 110684901419 438670973557393 472839116 737971499
34677886 129247008364 495726648454978 410166114 991321467
31063286 129662611216 557798107802546 70517666 284575775
17834034 56647974734 195515521915458 574054478 843578815
24100137 111034981251 526928731317873 146454059 180503984
34381973 123062548889 456268200274577 15439601 912809118
48062440 213239183984 977335658136352 65076778 104995751
4130747 4868965955 5756378028467 69110840 436151174
13458774 32772829006 83126926578738 406664177 544459617
25863617 94339925939 349515232389713 504070383 838767787
38457833 165081690691 726121428038513 854291927 861041272
23653194 78281648850 277394524083378 911007385 925140844
45668926 216629659628 1034818405646338 460825653 670864193
26070849 87710949117 311332294593873 83138127 480063007
36356744 146131536400 600986010448928 897545182 937447073
19018499 47972478589 121156456455683 241955860 347360083
45237026 202637948022 934630475154338 261454517 496647936
34113125 118171243793 415544580792497 588341731 696982356
31040378 123199445270 495345834132242 999477266 999805042
20051225 69461888375 260450238250625 835177673 861570817
14125982 35670109428 93001188197762 437846194 598205250
28562245 129778214671 631161530676337 888312386 956005344
21245572 88482649240 384392653752592 699856407 727178574
28561214 107806847238 408495347521346 918710008 956862673
32426484 135634270760 605437159780368 434024481 661452808
28192698 118303037364 538424159443602 522924709 705901727
12230293 36897179111 117249960516433 391296639 550422439
28389827 87439666905 269526416033027 139371646 675130695
25322857 90283505759 322559276228833 28558299 836374042
17407675 45057492593 121523924615347 59271573 645228710
8349515 21266767719 57014007590867 247261619 545653814
15435041 55251989885 205646659249553 4232074 169066443
34219115 149869581273 677509205784467 303266200 729026056
31550438 124935031206 503512861522322 542318620 730080203
6478467 11883128111 22056653218563 798049092 916907349
13524129 29609805933 65842986663441 28021686 603781369
14577269 39279889879 107609947189073 797423968 905727666
25909062 91716967110 328162547723922 840657896 922388462
15035414 44589523120 143125035826418 634839218 694434521
28292861 91516931541 305398622523521 690450118 716976829
36830438 158063882976 680665632601298 149559064 240166091
20899557 55272512303 146371521332337 332034307 396554352
19828793 74643088329 300596287721537 130167878 835904729
18482435 63127419217 234027940110467 714639289 886086936
27801539 109628268255 470576401166723 28903673 242972225
17215014 51207234112 163234295905746 710678038 769458073
17972213 53202067281 169883574605297 150424694 484675115
17645945 63490257641 242807153923457 726025133 767531545
14912694 34208556120 79615173042738 995821221 998414577
24278918 93600324054 383475051278162 135570351 520643082
46442994 187890939046 771915141821538 140477890 507015633
11112362 21749741442 43053820990322 286925297 777416162
58710728 263723506560 1195180859880992 682521098 825047036
29624627 129148764507 604850726313443 408893181 578816756
25451344 84385073728 297699328020736 958098109 968618185
43118052 180056197448 779812900631568 892395178 965032429
18005953 49236766739 143057394215953 794587422 916470148
30717874 98767105784 318539196018658 537294387 629561628
29246114 122745311226 554999766778658 205815030 780523324
11806126 28500759262 69814905474658 243365887 930615312
25689973 88778170495 312901348744177 732360195 789590965
1843694 1837013148 1894492225058 171673851 944073836
10937507 22532526297 48409923637187 68784278 402626443
35994323 152833175145 649332903153827 151223281 805692415
8055756 18484224840 45400892536368 474693619 586725029
22054836 86034156184 353008063086096 2297375 278569663
28111610 100012390958 378609092011442 99696484 193681768
51271961 212026572425 876974875752833 988890008 996095401
18700474 53372450132 163146509653426 591988671 613414545
44649125 176205324807 704565751505297 924955983 949474079
28828755 92107963431 300111830515107 146797742 625659902
21480584 72980581952 254553997914656 855904950 914506429
20071622 57239707862 172601376196178 26886788 526820885
24216289 75059282269 239733557617873 297464721 426605611
14869451 39979022663 112016307035603 643516544 854375482
27474485 93611078521 329514113727377 796329145 803848966
4916139 7523038599 12061922753043 681953139 845659154
30728814 118983424130 496728101322018 618676792 900688486
33405317 137341377025 567934747527857 171216778 186957097
6185210 10844416654 19234703281202 882828083 891959902
35941386 155908390548 687913740667218 871642143 929789604
26215138 104739658120 451351544275522 153669302 427657621
22378061 77465921805 287874978990113 11183672 575228770
47101661 194963934285 824097216800993 355543894 446364885
4709924 6744125032 10064168661776 345548592 999353156
11331210 25766478354 60335426436402 863392158 939944951
34078422 121785608368 448937930805042 426306239 538507657
15508019 38798375589 100490549711843 757267205 851724793
7921605 17094168071 40190460609297 91101853 101242385
23152451 96156289953 422798122319363 545179836 925369219
36634166 148306623984 642790203127538 435781507 746322036
27791869 86564978011 273702836087233 834105632 930882539
34014026 137672373220 562884222301778 219849956 962777184
11252465 25469767791 58819988675777 170194751 196844510
22425333 76755167191 266576627837457 649409863 735977090
29090158 98202743810 340635868870882 391111253 784453176
20118069 67216458609 240084965185713 222098270 637286133
8241317 16229466513 33359646452657 316481440 780683861
27428294 108785387072 453175903895186 527450362 670298098
30371694 122347423772 520153070053986 930729611 953552212
31207946 130099411044 570289917981266 880322607 883799423
27654537 124930270655 593457070294497 283595560 967275042
41534262 185112019630 843948188342322 956089931 992749292
3482870 4778288226 7019195933042 53196212 978333109
20504963 86975775657 381803686824323 906600420 934870479
27708882 102522302472 393827708008962 872182521 883321035
30073589 116200008063 454199397065393 713975140 898125049
27132314 107432101406 460526300217458 200863267 246862306
25664030 106722063414 472423323178562 225521330 282330053
20595981 63665958077 200179599757473 9358699 807646125
28541602 127062942544 595538710174018 74577215 273077902
41840051 157959758185 600213071418083 79161736 401439313
17789187 64856676745 249816521602947 474026529 527443345
55310042 243165833030 1082463461084882 872810178 886781266
10127123 18837534161 35317617931427 918373297 942444124
18985557 63602936535 230380066102737 71108612 831967796
31436018 130472770070 586443204248162 2866031 253336602
39291617 143574084767 528129249219713 829819987 956576035
28706603 113766930675 480934808914067 145084777 888626340
40990941 184220471475 843866390066913 903289932 990313177
43672376 188071140976 837772954566176 123398626 253366576
27833894 109577582584 467054477908178 758042608 833619216
6745877 11671511519 21336563537393 136725932 862466789
26036017 93886247465 339181851759457 193161648 288894311
25192331 123645199275 614685333630803 800155883 846887757
6932118 12667292560 23470018914162 848413821 942321299
23526894 107081681806 502854863644578 292206961 911874001
55066904 240325846992 1059734561866016 97680609 180410442
1077830 650417328 394118510162 174591685 425173555
27407201 107314669145 438483261480353 753274434 832476477
15774693 51560801713 178840389032433 639169630 921259940
12991801 31106249459 76408815304753 337330924 561764453
9356968 25886138896 74640947115808 334040584 504634038
39704961 172431597619 773397548922513 41931062 361774486
27389470 110551912892 478762943838082 22621448 941888520
42244469 188597702873 869641571452433 207801282 240239609
2712294 3897973962 5932414846098 357570323 414375231
19395218 70833054384 278685265337858 252418250 774263947
19253701 54768392351 165757109554801 719734745 854837213
24357118 79221326300 274970425112962 177187334 224430975
28894811 96113908269 328180357618163 990082534 990758896
40612677 182131398415 819635449252977 206417317 537846545
47406924 193480721288 800515518804528 702137658 837817936
13199060 33991288904 87734688123152 112608942 409640819
14994737 41361621851 116690755685873 897943431 910182377
32776042 137986536898 633397202141938 59933353 645034512
25436946 118650880360 574460807913858 377287060 639791061
37134869 149184323343 640058076373553 879629192 993239641
27235865 90682593147 310455211316177 851042685 914930308
23992382 91721668500 376966176096962 81069490 147046480
40443093 156097928465 622027809927537 316812635 556873896
39862329 176720724181 798453412748433 626087925 996257011
67963478 323959493122 1545705535960178 180660340 232912000
36796226 157536650088 675981487072898 964700921 992161015
28480877 108618787069 417192634568993 575137502 945861211
36963405 144946092907 588649114769217 419554807 709421843
23598996 70762869064 221156710199568 185832417 292596718
17966858 55189588754 172713128671538 614735826 645386109
16847841 62146842783 240423982908033 269902696 399122173
28159589 104400022687 418397060777393 426338903 439341054
13488548 37588085080 112376119879952 895425696 995776874
41472282 184945892228 833947721281362 775447302 897950540
30930590 115199498646 455093803644482 902220556 932311209
24764310 81382979026 274227493834482 959053707 982225908
41102798 175902030396 771813947214818 797314830 922111811
27715797 107843361105 431706915498417 994940293 999360375
17083706 40784346702 97392827618738 263303257 341354897
29167442 117368246736 513127747199138 37737571 837650441
41556361 161243168435 638526030207793 991483793 999437796
11610953 28089951919 68330067499553 635641381 802805068
13425006 34521086172 96263849496738 535737102 901256389
14826278 56728209976 217890286543442 485700026 659263982
26294499 126126060957 624212002390851 43796510 818178473
6285050 14302927982 33898399817522 205929421 347414339
31079789 119565903429 467962429965953 797986204 953599457
1705554 1784175498 1984819770018 351923283 402294880
17186310 57132155744 204722854782162 709593898 976262448
13975601 42197940245 134195782385393 247023423 399986720
16391873 48074419919 148733692259393 733308359 806813501
26241358 96138893404 380350610354338 480453572 660405438
30753267 105368976987 375896851665507 788217538 807937083
12569585 35299494549 107048036175857 257465675 338990761
41535668 180787632856 802595874721808 73118670 199990108
41427550 184632250852 844303822916482 317627805 937586848
45820665 206154340839 949503405605697 299574887 785918509
34269966 132357105854 528384610804578 84156814 127403242
14461245 35157434157 88188560785377 907180504 942332273
14421001 42631619185 131581049207713 249486560 648352217
31555506 128214418654 566663904846786 331357552 599065874
35658346 131821077950 508637848530418 2972631 87580759
13424733 35792504245 99921125915457 701620192 948924927
18465470 57320022692 192911770793282 238397678 694093748
14905473 36484003261 91804491501777 910992032 965969716
24070091 91745671851 369498208709843 484588537 560301227
19461680 68341869504 258974519804672 151289433 277937184
27001577 89397571563 309770957064593 374978194 659393829
2135211 2604423275 3396341262483 581196472 606983753
6206449 9343524169 14467439085793 279990416 443026420
15499179 38914162883 103156518543891 346704783 371415828
13342821 33591152575 90026637249393 263089179 524126741
31404819 130632173947 585141431339811 581533727 711506262
30159357 127784033245 569582922765537 168564714 176581638
21100630 95240176712 434321157199282 245776045 792086942
47121629 211503357045 978162153500033 869284072 916653270
11892641 25725898503 57864417662753 147383383 317943467
61527371 279081374515 1267250130482003 867809110 961867279
24328661 84889818889 321801795452753 158564676 458404613
31663163 127227194395 556360811367347 651609613 718250306
13031721 30367905441 72733436337633 312818864 367203221
30335969 115658864147 458121369817361 852247978 884604883
10472624 19817249472 37777687040768 334459169 739257122
27502360 122520166336 583472804860192 990553068 992751086
25141841 91680575749 364315973071793 51181158 101706782
19452650 54877066954 164003482433042 394620883 570875850
27907242 104255427030 405834584609682 517294375 934554415
6146034 10244840048 18255383283906 853251404 982966817
29347819 108342124253 431768017973011 411848508 760967201
45674481 179495453233 708541394249793 180118368 313711320
13896550 35405302256 91849775411602 31150532 39713238
42918707 189890479735 859113587669987 865427798 954465387
8143880 15483255104 31461813258272 958137088 976730279
17656716 61856834840 229746984883248 58668120 771356848
29846296 115074068176 444726459827488 416506691 762220805
23881667 79404345135 270113566930307 534100433 987045935
19276529 67602453543 254644730756513 654629227 866502141
2793905 3402126027 4223629332977 395653226 881015108
30243429 132010300583 625583540045841 274780789 568332794
31344953 111311415101 416729838146417 969446052 977123359
27029153 127128466899 626641893062417 697613040 735218882
8523609 22267438937 60797943806913 95084756 577742490
35978001 142779725751 585260339660001 775387844 842501772
4355650 8039511494 15549274527202 399000531 650881257
19120594 82237838552 357116408473858 350837806 555366244
44673594 197234089678 897856813515186 164990269 212977236
47683526 199986270982 858583422160658 719247809 821650864
23633784 90813993760 378827363777568 849570553 978399641
29508547 131195949607 625880939563267 181120132 229883623
44159341 174277894915 700246664485153 567732081 773067455
27930986 103052254444 385028881099538 704740305 772574672
37266022 150163207696 643367197783378 73134245 80666198
1360994 1128612960 980994398498 333241827 403526285
11997066 30084475258 78418322731218 318580600 326955148
21047570 88837177086 390926577734402 590629640 757148090
17172094 53674607818 175052306422978 788767999 937432316
25389539 103556374895 443804475131843 309700769 602146615
24576633 89832520665 342986563854657 260283481 410309666
19687476 76698789992 313925769047568 547384928 671611379
19941613 53757603251 147847630027873 669174611 898286250
19481505 65561192999 229154621314977 21007897 261264748
19971669 74318991695 297171680274993 10303963 887872827
28583654 94132483992 318089565525266 544220259 819472551
44550593 187457306659 811093844481233 724075810 855799270
17895923 53790223761 162635524637027 209843119 920893961
20426814 81066319354 338903600702658 184722463 432520627
36363465 155606144959 695333584191777 584738606 655841270
35192819 130072588065 503288044362083 363855389 571088841
33369981 133773069165 564902536359393 165398905 171385301
27284921 101905602219 405243613060241 612170661 911797152
23464757 107330832153 504565178428433 256226885 911776052
28635564 120615362200 531347662229808 151640892 309802482
6639737 11428521383 20466649828097 563489479 720280909
23801841 94643971111 406883791525281 601630294 678936992
26865558 96715290384 370508456160882 891656521 907890226
24640363 106814428219 487415671676947 479193123 751165710
37004821 156734382871 669424306398673 220344983 356213662
30477202 109062681400 401423047479202 946933808 953569755
42219525 176610590625 761093585720625 178621587 193740898
984585 646188243 434527791537 215612150 959914466
33423669 116793542319 418371343387953 641352898 779386309
10143225 26562544057 73766102602497 652856446 661672081
9418414 17340831262 32717957997346 117270523 590153424
32134482 136266929128 597554980368162 681967337 921975933
29781925 130724196823 609351017541457 574657112 915360860
35838611 134378145439 518667630154403 346375538 496425503
24569373 99929005885 432249611305377 100117044 496551830
45016814 190910907340 832280243767778 279273047 924749478
22795289 93274524729 402481402583873 329150636 643271142
13873259 42195297845 136750725616403 434153837 714983692
28619489 88594751779 274659381797393 400909936 662197342
6918776 11143389872 18375611728928 989660588 995597532
27251084 121761107224 574947484329008 66534361 706766933
34001499 118181507779 417321761837043 296659545 812772434
16961570 42318608528 108061875599522 621775971 658487931
23322461 83987231859 327689466212321 75228629 142604427
11085780 25964985464 64384141104912 548800716 973229194
2261033 2313402001 2466522514913 101143214 498871817
32952677 137764732545 626462576292977 659851476 952756347
32179802 110255003460 386276941993202 324031685 504346413
19508586 69749045666 269640210940146 396268094 540625976
26125626 102385295452 422106953867058 600454558 918742225
31208538 135898078366 628102618531698 838915435 931988659
44574344 174697430976 691298291483168 774006612 961367720
17017169 49044336453 153295453414961 418588935 629961658
41257625 156656116375 603409805410625 374334509 776151587
2296538 3027453030 4246423680722 173256652 527193783
17457566 72097665228 299792493131138 188200217 871883143
27576650 98922776146 382082734603442 483795826 774315006
33993324 134621533160 570716540901168 327668693 424983005
40763970 160944074144 662613478481922 300539762 495408280
43139262 178729664842 763209909796098 172268253 771926439
36587285 134012101439 506057385832817 523677382 594917242
14193860 40195232424 120383112399632 605525800 759008064
24832676 93918873976 381986757276176 340189936 972915460
14675976 50839549424 184330771922976 90228941 370037220
22629281 84728246407 341632538750753 702577749 719997271
6882049 17987031343 47120291006401 448880362 652205171
27361569 95507432259 345679689585873 796843208 948298040
15227701 42964843895 129552949501393 67774519 105852302
15871278 37211820274 88330021107042 935273048 958556652
41920014 188694346868 865385103668898 137488107 824725782
12398282 28544039910 68888320919762 973880508 979135073
39078929 160678664201 677659576418273 793877763 799703502
45995838 187186847082 779718483560898 569620776 865804981
20108196 72834371416 282335489038608 767014102 931469055
14917314 40933282902 113881284762978 191740198 877523055
4385290 6588265202 10076891393842 752549105 909701508
31227033 125419415255 532139995153857 326303526 801330269
5126796 8950771080 16814886374448 130782937 237221347
10648108 25809033320 66390188694832 731088907 866710142
17609365 43432771049 108268607400337 403636466 550986441
23459534 90201936402 376584581260706 615856933 856594630
51395354 227068479522 1029576096214898 423009284 666310882
15355827 51783864705 185701313939427 118832727 192598109
26228165 113361147439 525746477184497 116371141 121115842
13559477 43377077023 147614192393777 870053489 872297271
6025694 10493780938 18331549048898 457651197 527706529
14867398 43450985386 135393719699602 526116121 901881177
28323467 126471198107 593895581518163 378435850 397578186
8181176 18458359184 43580662980128 200985628 268928601
1826822 1690551360 1612273375442 464747464 626761303
28539186 128920412872 612237103182018 538175418 804038546
3576806 4331041990 5403846168338 53588051 66800964
25786661 99789502399 419544621082673 123562499 327728616
7619566 15898114898 35731869280738 318726741 508718509
7559475 17928872837 44770480898787 423641829 561343577
5266186 7079191820 9611343549778 231237170 323082507
41046905 169929190647 728989474491137 26790383 278336508
20119258 63559762586 211461509955538 848314096 865279306
28475926 119056322674 540594808338226 615495550 701742299
33933926 128211494600 500187262882898 141167632 455503115
7917476 19645089320 51033786141968 448586216 660419130
31550766 123232674644 513586441797858 738498485 913509358
33087666 138739666042 597934585909218 579048472 732922658
32294939 110007856735 381493397410163 768783595 902900376
28290633 128012751341 610059996871857 394344509 471529488
18582657 53805192553 159181674199137 172742522 199032474
4805821 8001569989 14363555971393 262436594 942686125
41359194 177604067718 781312011975378 213511527 240647398
4754764 8738795512 17066308088368 837760826 915099378
19161147 62490604805 222012112914867 195665799 865585712
40135475 152580903959 592768976031587 592137891 592870015
22281707 84727397815 344560764141587 902041304 954335542
24758854 85191137576 299282188371538 560453171 638251614
763973 513372665 359668858577 822863139 998205311
23501121 94381322797 408250558323153 674783676 904441607
32967146 117779868452 436344656458898 99994412 122085833
14786746 46838052100 160075918883218 985337425 995896631
27053273 110402233911 472931585186177 648574736 756567327
7027594 17478607852 44875813282258 399553775 709650301
24890049 86745899843 322853924152401 469347070 505847462
30672554 110318798754 407772427545458 35508454 453529130
25439889 106190600437 477784028727921 503205926 976383814
26915579 102474455733 411679817037491 656160360 672703669
37746978 134100209656 476887684703778 329593810 752440006
26325166 104390886286 432689418502306 9700482 107824634
46893530 191224961388 791962550048882 522515564 983544320
21935889 76806743723 277837506058353 178952146 857267681
14746142 37085533020 96629819892482 95602050 409596131
26979219 85527916053 278157075008163 651707137 733847306
39458369 169180483597 752312015598161 712522058 853732160
20512113 69252758981 247851775312497 362881144 428539037
27852086 100613769838 391134188917298 8340861 666190040
28620786 108235875070 413826501238338 51665211 879855388
15593137 48671852167 161578297118497 699104867 982155365
27158235 112151389409 485403087631347 51156716 104693403
11969150 32660447204 93239748839042 861614294 882439253
15853604 57090970728 214111521932048 175231061 247900864
30957458 127165915960 547991416222082 557435551 968303524
33568253 121284867445 450880220540417 207398410 904996299
33577521 125100174459 494807874891633 8013862 609959214
23756025 99604308309 444664875003537 447173997 467638190
18450650 55752141076 182174922209522 605466586 681014897
18666680 47902048144 124909210099232 848507370 981175754
41256929 162818704359 668084915108513 490330874 955936448
17870897 45633536593 119922847316417 592340496 680233480
5594809 9017289449 15014164160833 507359105 751529614
18772949 49365750609 132733588960433 595688829 919431199
15550114 47470517216 156780612756898 215575565 784379126
21986356 90162234856 392617888906768 134936149 526076659
34997609 145411031869 656227008464753 295434112 894084873
20094242 60105659688 189770566152482 621027891 938889550
8227350 15205929328 28893854737842 39582652 246221348
21126670 74643028946 284538642376162 151588775 586588143
39507557 157979772567 658203633297233 664200081 732790455
52140901 226539581239 1007527560212113 844180112 939766120
19552854 59922731744 191627108531058 676740616 731974541
15251841 54500887017 202566146203233 814011328 906519253
24601394 84054857310 305161689410498 580184610 718209197
35559110 154187220888 692479858597202 336194166 588343471
33478037 139187175055 602842426176497 13563094 645845417
16549269 48747006503 147194030912913 547759810 982250824
32611949 119120679475 460947963083873 864374834 893227256
14391457 38350873315 108159906456337 139932295 686821745
15330465 46476901197 151450406522577 5397737 171123832
12363934 35019485452 104303399131906 81963967 205991117
30458377 114159973427 453847252432177 264372431 464636762
28984217 107619963687 404557203018113 359824392 398380253
26056457 82562409747 271333810050737 75696949 911638119
33513894 135262499184 592172046169938 115466747 480643502
6465026 10027324042 16027824270818 510798687 541239596
50087485 216543124979 960804463759777 677351021 884440593
41320046 170117822594 719993426400866 875794842 980372662
27946669 121597543027 570316380515233 490366823 722605132
39223742 161430688172 692674623923138 92888577 637949943
16037962 55166682950 199806950605522 565039209 726281801
3688042 6728261282 12591076369138 765831772 981674113
35579891 148214902111 669938087378531 79723764 471277164
52406085 225036374529 982494204576177 980130301 982612922
13380309 37569453129 112767917824593 348569732 627608301
19430822 81249418600 348565226153042 391204667 964709712
26224614 121957828426 590671861699218 887544289 972606601
38743939 170726218937 753108278743171 672222782 788562002
48863051 212891971205 957880742574803 562573005 726228003
44153582 195979845634 892031808130658 423004144 698961040
22099283 79722052119 313276182304163 686353364 709295735
35721924 137730905976 549490550869008 807013130 979256247
45536390 179856075062 717089334701522 322462534 640640086
3193475 4964986375 8158214751875 910808800 945065311
41157405 182444396883 818699479784097 45208918 67395511
3509963 4733623595 6461026817747 343779082 536759272
10849222 23022179018 50577673303378 494757825 517729570
26777915 96642645489 361511073178547 746692958 928375967
19714186 66836752046 244188451505458 766536722 878162277
10331419 26007153659 69736586001523 895829525 956493237
7827353 16559300869 36240003865553 26353651 389125848
23059280 79831701952 300753213853952 798169547 867608160
24155075 113553527571 546163012772867 848228646 860612559
28014546 105612845894 429273178898466 483281703 568895900
10760643 26065092313 65705468954883 60930211 328636773
5015357 9332774307 18338566313633 685697349 895975670
6401641 14766631325 35423645744113 486447832 621242435
12243236 29379371256 71557693967888 954648361 974635050
12293430 41489133848 143046278825202 28500540 505259243
37396667 133772205323 482833897584563 567672122 691901718
23612190 73001056348 237827275858242 483662078 767137159
17397281 49761520319 146961179944193 795922362 903345581
30647921 104293699531 368948468656241 592346759 671770930
25674059 91883826763 329159436785363 9609562 11326544
19668683 66804316027 236540719428563 444505413 857200275
18256933 62091336673 222503358070513 36329007 447064031
12985070 28371641236 63985363432802 147490306 180318661
37362477 131934194875 466076923357377 776163949 913646126
51944962 218356655480 923724844949122 111630866 667509268
44747149 200882960893 927004258615201 912065636 943539828
25963046 97956641482 379244937502418 216823914 605615726
24451978 109635288326 512071123975378 40552403 154362601
21578849 96332259053 439492615066193 171968042 988967831
25152237 111491038315 517784345986497 34262305 954313886
23880966 82726585264 287066550117906 549265464 601608148
30410400 109717915904 409951272571392 73899039 950153853
30211458 105855259040 385679865366882 506925507 839478531
33561160 139302044848 629261362557472 780498918 882865764
6575948 14005406936 32063034427952 251583047 476652108
2071317 2059543457 2102263374513 277691077 390992354
18168525 71360275875 291724574870625 408222454 951782364
52316090 235281542454 1086238382843282 418736913 983109415
35251405 135165233827 544114717817377 661329227 716428402
9614198 27587574126 81968244255218 9006181 507400228
9554141 29072628171 89298677037953 89427160 159515352
19701941 53201827503 148560185066993 392035920 535590347
31869890 124599201518 507300903022082 257559914 402042036
7267185 16495376219 39373707562737 27461479 252649634
2258385 2479906713 2786147324577 826371630 976790016
41314089 178648921135 800055895346913 47361660 754661500
31794854 127896874470 517599130189778 273244356 311990848
34154285 145602297691 643430511992897 905264473 943330436
26423225 90107706375 320539808170625 233683525 443510372
19241414 61428805920 206034208335698 237133261 668693278
26264246 94696010408 343953563858738 488142726 586307497
11564190 25441121412 57784037787522 680194348 816469683
11962209 29488642649 73128583881633 356299680 379122390
10178014 22889670182 51733605039298 354955150 978616174
15760946 58560845672 224956660235618 596133990 627966345