35
30824931 116538522927 465460410565443 620 923
22822700 87124921416 352827754513712 847 926
13672838 34021888344 86827569365522 131 239
20847074 71367961896 266155335604898 913 935
4419684 6028665960 8758529245968 138 349
24932601 102512742499 443376697622001 585 613
7717870 12455296316 20183078624482 902 975
14770786 51014643866 184711080707746 237 994
22025850 73227590596 243755351099442 766 846
28747809 117854853039 504989033066433 675 889
19704515 62128344013 196599361535747 515 721
27540003 87391433089 283367253470403 767 840
38841150 157734006148 674891969826882 996 998
49593612 211691798376 929891164262448 582 684
20955386 83006615628 348708609420338 599 602
37789862 153626603258 639948528471122 759 929
23158802 96663458698 429566781924002 714 741
10097571 23336172595 58432351037763 951 996
24014822 96118984240 405070390130642 377 660
24047291 71976781739 223142865975731 446 784
36674273 133849004121 502095554879393 669 816
16153238 46171319544 135917831125298 710 798
13196966 45303106768 160248149915858 864 995
42332237 181478130955 814954844168897 202 444
38082350 140323908708 525736056232802 122 889
47822829 219439873853 1034174454839073 889 996
47337801 229152275029 1114346492085393 976 999
43602369 194383258903 891441697240161 792 888
32373274 113722370650 414383965449298 923 989
17840686 59454915508 214904732791138 65 71
29377206 120283540046 520424747134386 663 692
40299654 173095807704 757968697171218 48 788
33520626 131379284070 524745653317218 785 798
46876889 193114026745 812264627423873 320 962
23724609 78779502125 281986365863313 161 255