82
16351507 38501998487 91121725998883 639 860
44718099 199327007285 915852382945443 284 517
35356565 123444847953 435435582099377 716 731
33777989 138444758129 570873403483313 525 791
30107609 111619111223 423176449406081 750 923
9341246 23484502566 63719972312258 335 529
20023380 71579007288 277301256386832 999 1000
14973336 50439846528 178659775411488 420 827
33184203 117963155701 430541406611667 270 278
31521489 131998377889 592448406376833 762 767
13200473 31022618789 77234038628177 783 841
4480646 6889398118 10965838057298 276 639
20238602 61885684780 192650379032402 965 981
14198233 51071947991 188055074072257 407 706
28927414 100519169806 365233092234418 195 573
14600534 51738223698 190018070288306 741 842
28853793 109534936701 415978082348433 62 74
12379483 35872346609 109588576104307 891 982
32272445 125866122939 504601839410177 627 874
6478467 11883128111 22056653218563 92 981
13524129 29609805933 65842986663441 686 741
14577269 39279889879 107609947189073 968 994
25909062 91716967110 328162547723922 896 942
15035414 44589523120 143125035826418 218 521
28292861 91516931541 305398622523521 118 711
36830438 158063882976 680665632601298 64 91
20899557 55272512303 146371521332337 307 352
19828793 74643088329 300596287721537 878 997
18482435 63127419217 234027940110467 289 936
27801539 109628268255 470576401166723 673 898
17215014 51207234112 163234295905746 38 997
17972213 53202067281 169883574605297 694 809
17645945 63490257641 242807153923457 133 279
14912694 34208556120 79615173042738 221 394
24278918 93600324054 383475051278162 351 433
46442994 187890939046 771915141821538 890 973
11112362 21749741442 43053820990322 297 459
58710728 263723506560 1195180859880992 98 938
29624627 129148764507 604850726313443 181 756
25451344 84385073728 297699328020736 109 986
43118052 180056197448 779812900631568 178 183
18005953 49236766739 143057394215953 422 460
30717874 98767105784 318539196018658 387 628
29246114 122745311226 554999766778658 30 324
11806126 28500759262 69814905474658 887 973
25689973 88778170495 312901348744177 195 965
1843694 1837013148 1894492225058 851 942
10937507 22532526297 48409923637187 278 443
35994323 152833175145 649332903153827 281 415
8055756 18484224840 45400892536368 619 648
22054836 86034156184 353008063086096 375 663
28111610 100012390958 378609092011442 484 768
51271961 212026572425 876974875752833 8 697
18700474 53372450132 163146509653426 671 874
44649125 176205324807 704565751505297 983 994
28828755 92107963431 300111830515107 742 902
21480584 72980581952 254553997914656 950 979
20071622 57239707862 172601376196178 788 885
24216289 75059282269 239733557617873 721 890
14869451 39979022663 112016307035603 544 938
27474485 93611078521 329514113727377 145 966
4916139 7523038599 12061922753043 139 154
30728814 118983424130 496728101322018 792 862
33405317 137341377025 567934747527857 778 875
6185210 10844416654 19234703281202 83 736
35941386 155908390548 687913740667218 143 175
26215138 104739658120 451351544275522 302 621
22378061 77465921805 287874978990113 672 770
47101661 194963934285 824097216800993 894 931
4709924 6744125032 10064168661776 592 748
11331210 25766478354 60335426436402 158 161
34078422 121785608368 448937930805042 239 418
15508019 38798375589 100490549711843 205 383
7921605 17094168071 40190460609297 853 944
23152451 96156289953 422798122319363 836 891
36634166 148306623984 642790203127538 507 529
27791869 86564978011 273702836087233 632 803
34014026 137672373220 562884222301778 956 964
11252465 25469767791 58819988675777 751 759
22425333 76755167191 266576627837457 863 953
29090158 98202743810 340635868870882 253 429
20118069 67216458609 240084965185713 270 403