92
20488341 70720548625 265859660392113 31 405
26828091 123526843533 596052176610483 24 769
7181214 15472682148 35456222118978 21 704
46140716 189643143096 795738208359728 175 378
24552992 108473538688 502338167685632 900 961
36047205 136617964687 544000935804657 526 604
20461136 75309719616 295775901479168 45 154
34714162 128922272270 501660951456322 879 900
24386729 70225435937 203555703886433 957 970
3358438 4642113770 6972190069522 29 428
17943149 74379669435 312125643232193 162 660
25694865 86292887841 296838554926977 53 76
29175870 101539870444 363370220902722 993 994
26774009 96733769227 351981269988881 630 889
19788961 64142364259 226464470247121 428 984
43376129 183503033181 813559842600593 410 675
35349005 123317514587 434535135806657 284 390
13710989 40927653459 132324047090273 889 915
13939186 51859522072 193362410983138 981 985
22794061 91742320853 391115622371713 237 830
9808085 18636808079 36482766728177 910 968
6009481 13741306993 32492498906593 490 550
26413537 95007320045 370563755842897 713 918
27090678 86885865872 290081901617778 239 967
21177453 58275170101 164067787404417 266 894
35001237 146282787377 612959565938673 991 998
47757828 211291748200 962179539742992 826 882
25931269 90044365769 318794444604433 986 995
27560165 92241815303 326309737008977 148 218
14596907 33375568691 78098337067283 447 657
57069093 252034451137 1121166295890033 627 978
9953594 23746270122 58852390794386 976 977
20772394 71933563414 271351796759698 987 1000
27108731 94653009621 338443924962611 726 850
23620344 73887825840 237568967090208 139 741
35524325 134197131697 533307319903217 790 999
29665259 106019546301 394114609819283 944 952
41626198 191069902754 881883909445618 81 909
30533219 105823464131 379057063073603 686 950
23301202 80403392672 300676106208418 584 657
30892785 114917631317 456293907402417 920 961
18858440 62448292928 217027820958752 710 788
36499841 156249577919 688271177765633 715 728
43996211 192322752273 864138027092963 676 736
21438785 73895202317 262793304364817 232 431
14503608 46237459184 155098146188832 430 629
33207006 131552791012 557098863613698 211 338
22616584 75248490304 255218297163808 572 640
6407274 11309804650 20546842990098 543 770
35089109 145097879569 623659961618033 835 914
14010050 35082260998 94462240128482 303 581
28014825 122704581887 569831024906337 844 930
12463595 29909633643 74382566430227 239 697
42104834 185068802520 840484272958178 805 904
13449512 36189926768 105054962793248 349 424
41649201 189965472249 866772234932001 613 809
13633585 32927968837 84827012876977 73 425
16120330 52830697294 187019872485682 994 995
24423117 86180265955 306008167885857 80 399
29044233 118098878715 505171282248657 889 951
31381339 128469143537 536320511859571 721 951
18349211 49701916523 141503978357363 73 135
43258941 174894339709 734683417908513 206 878
55549452 249568831592 1144501568133168 102 392
21574523 84397712139 351491298997043 404 598
23294307 85298158353 340126571093187 170 199
29465757 115564681653 482700588374337 313 369
16931811 46468937537 130756119560643 731 806
19851326 87238394998 386552184142658 283 325
20732582 62432168150 198294014054162 784 980
33583418 120216514894 448506381979058 478 539
29626817 97079539725 325283877483857 798 803
21026141 68566956181 227389721976833 267 710
28608941 130421562363 625506060325313 444 993
22153185 76661136899 271523579251857 889 982
45897246 215666659430 1027422927584898 329 461
55981856 255411473024 1192740265353728 503 912
20101889 76364573463 309687126836321 304 427
26318074 90374466250 332935119047698 66 801
12787310 33332883732 94423021486562 6 655
10473750 24013369918 58526474577522 692 891
38864357 171372234697 755902005844433 788 871
40103962 151710131908 583529010961522 228 958
56789525 247853792833 1083991431128177 962 996
20293934 69898427550 260968277154338 255 354
6797117 12443246235 24612156816257 3 782
27544538 104129334756 402528241419122 982 998
30154714 126590772986 555000318155218 19 896
31576118 125175011870 538170613830962 588 931
25184222 97717870060 400163739378242 947 986
25658414 95158613230 367816208406818 957 974
36527442 132277817638 490917655224738 338 444